-32.0039956208066 11.9973357907 0.0
32.0039956208066 11.9973357907 0.0
-32.0039956208066 -11.9973357907 0.0
32.0039956208066 -11.9973357907 0.0
-39.9769253108309 0.679235359107 0.0
39.9769253108309 0.679235359107 0.0
-39.9769253108309 -0.679235359107 0.0
39.9769253108309 -0.679235359107 0.0
-39.9921419194499 0.396416666709 0.0
39.9921419194499 0.396416666709 0.0
-39.9921419194499 -0.396416666709 0.0
39.9921419194499 -0.396416666709 0.0
-33.6656615738096 10.8007318131 0.0
33.6656615738096 10.8007318131 0.0
-33.6656615738096 -10.8007318131 0.0
33.6656615738096 -10.8007318131 0.0
-28.2754095260417 14.1465650966 0.0
28.2754095260417 14.1465650966 0.0
-28.2754095260417 -14.1465650966 0.0
28.2754095260417 -14.1465650966 0.0
-34.8478828538580 9.81866921487 0.0
34.8478828538580 9.81866921487 0.0
-34.8478828538580 -9.81866921487 0.0
34.8478828538580 -9.81866921487 0.0
-38.7578188568300 4.94548980034 0.0
38.7578188568300 4.94548980034 0.0
-38.7578188568300 -4.94548980034 0.0
38.7578188568300 -4.94548980034 0.0
-39.6963729420026 2.45957187583 0.0
39.6963729420026 2.45957187583 0.0
-39.6963729420026 -2.45957187583 0.0
39.6963729420026 -2.45957187583 0.0
-22.6185205510085 16.4954730766 0.0
22.6185205510085 16.4954730766 0.0
-22.6185205510085 -16.4954730766 0.0
22.6185205510085 -16.4954730766 0.0
-26.4404889735890 15.0075026473 0.0
26.4404889735890 15.0075026473 0.0
-26.4404889735890 -15.0075026473 0.0
26.4404889735890 -15.0075026473 0.0
-32.4522859136151 11.6924028645 0.0
32.4522859136151 11.6924028645 0.0
-32.4522859136151 -11.6924028645 0.0
32.4522859136151 -11.6924028645 0.0
-25.6953166253531 15.3276767933 0.0
25.6953166253531 15.3276767933 0.0
-25.6953166253531 -15.3276767933 0.0
25.6953166253531 -15.3276767933 0.0
-37.3034287546070 7.21897158794 0.0
37.3034287546070 7.21897158794 0.0
-37.3034287546070 -7.21897158794 0.0
37.3034287546070 -7.21897158794 0.0
-39.6997660020844 2.44584235897 0.0
39.6997660020844 2.44584235897 0.0
-39.6997660020844 -2.44584235897 0.0
39.6997660020844 -2.44584235897 0.0
-39.8292733677687 1.84587262532 0.0
39.8292733677687 1.84587262532 0.0
-39.8292733677687 -1.84587262532 0.0
39.8292733677687 -1.84587262532 0.0
-39.4395665926912 3.33618745654 0.0
39.4395665926912 3.33618745654 0.0
-39.4395665926912 -3.33618745654 0.0
39.4395665926912 -3.33618745654 0.0
-21.3038248944426 16.9273967643 0.0
21.3038248944426 16.9273967643 0.0
-21.3038248944426 -16.9273967643 0.0
21.3038248944426 -16.9273967643 0.0
-8.55655754750834 19.5370502055 0.0
8.55655754750834 19.5370502055 0.0
-8.55655754750834 -19.5370502055 0.0
8.55655754750834 -19.5370502055 0.0
-38.7193618654370 5.02023447494 0.0
38.7193618654370 5.02023447494 0.0
-38.7193618654370 -5.02023447494 0.0
38.7193618654370 -5.02023447494 0.0
-26.1661731928210 15.1272219892 0.0
26.1661731928210 15.1272219892 0.0
-26.1661731928210 -15.1272219892 0.0
26.1661731928210 -15.1272219892 0.0
-38.5573537665383 5.32283924522 0.0
38.5573537665383 5.32283924522 0.0
-38.5573537665383 -5.32283924522 0.0
38.5573537665383 -5.32283924522 0.0
-26.3681012115673 15.0393088147 0.0
26.3681012115673 15.0393088147 0.0
-26.3681012115673 -15.0393088147 0.0
26.3681012115673 -15.0393088147 0.0
-39.0080836429089 4.42632495723 0.0
39.0080836429089 4.42632495723 0.0
-39.0080836429089 -4.42632495723 0.0
39.0080836429089 -4.42632495723 0.0
-39.6464968870257 2.65307767447 0.0
39.6464968870257 2.65307767447 0.0
-39.6464968870257 -2.65307767447 0.0
39.6464968870257 -2.65307767447 0.0
-39.9972857304344 0.232988303349 0.0
39.9972857304344 0.232988303349 0.0
-39.9972857304344 -0.232988303349 0.0
39.9972857304344 -0.232988303349 0.0
-39.2980741893007 3.73032723136 0.0
39.2980741893007 3.73032723136 0.0
-39.2980741893007 -3.73032723136 0.0
39.2980741893007 -3.73032723136 0.0
-7.60882200047450 19.6348276524 0.0
7.60882200047450 19.6348276524 0.0
-7.60882200047450 -19.6348276524 0.0
7.60882200047450 -19.6348276524 0.0
-28.3273941217372 14.1205412633 0.0
28.3273941217372 14.1205412633 0.0
-28.3273941217372 -14.1205412633 0.0
28.3273941217372 -14.1205412633 0.0
-28.1322097349694 14.2177598044 0.0
28.1322097349694 14.2177598044 0.0
-28.1322097349694 -14.2177598044 0.0
28.1322097349694 -14.2177598044 0.0
-39.9873052999650 0.503838974125 0.0
39.9873052999650 0.503838974125 0.0
-39.9873052999650 -0.503838974125 0.0
39.9873052999650 -0.503838974125 0.0
-39.8890021728310 1.48891786676 0.0
39.8890021728310 1.48891786676 0.0
-39.8890021728310 -1.48891786676 0.0
39.8890021728310 -1.48891786676 0.0
-22.0882454555280 16.6741522475 0.0
22.0882454555280 16.6741522475 0.0
-22.0882454555280 -16.6741522475 0.0
22.0882454555280 -16.6741522475 0.0
-30.2167913262378 13.1048227949 0.0
30.2167913262378 13.1048227949 0.0
-30.2167913262378 -13.1048227949 0.0
30.2167913262378 -13.1048227949 0.0
-39.4648496915538 3.26058425834 0.0
39.4648496915538 3.26058425834 0.0
-39.4648496915538 -3.26058425834 0.0
39.4648496915538 -3.26058425834 0.0
-32.0495921098678 11.9668672341 0.0
32.0495921098678 11.9668672341 0.0
-32.0495921098678 -11.9668672341 0.0
32.0495921098678 -11.9668672341 0.0
-22.6739961990223 16.4764217624 0.0
22.6739961990223 16.4764217624 0.0
-22.6739961990223 -16.4764217624 0.0
22.6739961990223 -16.4764217624 0.0
-16.5110658678195 18.2166455742 0.0
16.5110658678195 18.2166455742 0.0
-16.5110658678195 -18.2166455742 0.0
16.5110658678195 -18.2166455742 0.0
-34.0030991691590 10.5331529811 0.0
34.0030991691590 10.5331529811 0.0
-34.0030991691590 -10.5331529811 0.0
34.0030991691590 -10.5331529811 0.0
-25.2199243059563 15.5238157197 0.0
25.2199243059563 15.5238157197 0.0
-25.2199243059563 -15.5238157197 0.0
25.2199243059563 -15.5238157197 0.0
-22.1720330931896 16.6463280374 0.0
22.1720330931896 16.6463280374 0.0
-22.1720330931896 -16.6463280374 0.0
22.1720330931896 -16.6463280374 0.0
-39.5256327002650 3.07100796335 0.0
39.5256327002650 3.07100796335 0.0
-39.5256327002650 -3.07100796335 0.0
39.5256327002650 -3.07100796335 0.0
-37.4079546821374 7.08245943333 0.0
37.4079546821374 7.08245943333 0.0
-37.4079546821374 -7.08245943333 0.0
37.4079546821374 -7.08245943333 0.0
-18.8118371576737 17.6501755144 0.0
18.8118371576737 17.6501755144 0.0
-18.8118371576737 -17.6501755144 0.0
18.8118371576737 -17.6501755144 0.0
-34.2940788358673 10.2946121442 0.0
34.2940788358673 10.2946121442 0.0
-34.2940788358673 -10.2946121442 0.0
34.2940788358673 -10.2946121442 0.0
-35.4444274541013 9.26947358876 0.0
35.4444274541013 9.26947358876 0.0
-35.4444274541013 -9.26947358876 0.0
35.4444274541013 -9.26947358876 0.0
-32.4081529055809 11.7229649113 0.0
32.4081529055809 11.7229649113 0.0
-32.4081529055809 -11.7229649113 0.0
32.4081529055809 -11.7229649113 0.0
-39.5982499854409 2.82748112684 0.0
39.5982499854409 2.82748112684 0.0
-39.5982499854409 -2.82748112684 0.0
39.5982499854409 -2.82748112684 0.0
-39.4813387218599 3.21029175971 0.0
39.4813387218599 3.21029175971 0.0
-39.4813387218599 -3.21029175971 0.0
39.4813387218599 -3.21029175971 0.0
-21.0827338379730 16.9964579686 0.0
21.0827338379730 16.9964579686 0.0
-21.0827338379730 -16.9964579686 0.0
21.0827338379730 -16.9964579686 0.0
-36.3401843011232 8.35749670895 0.0
36.3401843011232 8.35749670895 0.0
-36.3401843011232 -8.35749670895 0.0
36.3401843011232 -8.35749670895 0.0
-37.9286379051327 6.35252758084 0.0
37.9286379051327 6.35252758084 0.0
-37.9286379051327 -6.35252758084 0.0
37.9286379051327 -6.35252758084 0.0
-31.4478011621572 12.3595691881 0.0
31.4478011621572 12.3595691881 0.0
-31.4478011621572 -12.3595691881 0.0
31.4478011621572 -12.3595691881 0.0
-34.6877110501775 9.95945156747 0.0
34.6877110501775 9.95945156747 0.0
-34.6877110501775 -9.95945156747 0.0
34.6877110501775 -9.95945156747 0.0
-23.9001926508275 16.0373064388 0.0
23.9001926508275 16.0373064388 0.0
-23.9001926508275 -16.0373064388 0.0
23.9001926508275 -16.0373064388 0.0
-0.806215886775822 19.995937187 0.0
0.806215886775822 19.995937187 0.0
-0.806215886775822 -19.995937187 0.0
0.806215886775822 -19.995937187 0.0
-24.3668422782551 15.8607770726 0.0
24.3668422782551 15.8607770726 0.0
-24.3668422782551 -15.8607770726 0.0
24.3668422782551 -15.8607770726 0.0
-38.6385324110972 5.17358224822 0.0
38.6385324110972 5.17358224822 0.0
-38.6385324110972 -5.17358224822 0.0
38.6385324110972 -5.17358224822 0.0
-39.0151244596646 4.41078404019 0.0
39.0151244596646 4.41078404019 0.0
-39.0151244596646 -4.41078404019 0.0
39.0151244596646 -4.41078404019 0.0
-25.0941073087057 15.5747052812 0.0
25.0941073087057 15.5747052812 0.0
-25.0941073087057 -15.5747052812 0.0
25.0941073087057 -15.5747052812 0.0
-32.9620355987556 11.3303156309 0.0
32.9620355987556 11.3303156309 0.0
-32.9620355987556 -11.3303156309 0.0
32.9620355987556 -11.3303156309 0.0
-25.2351521367947 15.5176278522 0.0
25.2351521367947 15.5176278522 0.0
-25.2351521367947 -15.5176278522 0.0
25.2351521367947 -15.5176278522 0.0
-9.13962221560038 19.4709225883 0.0
9.13962221560038 19.4709225883 0.0
-9.13962221560038 -19.4709225883 0.0
9.13962221560038 -19.4709225883 0.0
-28.0706818192306 14.2481298966 0.0
28.0706818192306 14.2481298966 0.0
-28.0706818192306 -14.2481298966 0.0
28.0706818192306 -14.2481298966 0.0
-23.6432208616494 16.1322511393 0.0
23.6432208616494 16.1322511393 0.0
-23.6432208616494 -16.1322511393 0.0
23.6432208616494 -16.1322511393 0.0
-15.9550811553620 18.3400885039 0.0
15.9550811553620 18.3400885039 0.0
-15.9550811553620 -18.3400885039 0.0
15.9550811553620 -18.3400885039 0.0
-38.4405738017647 5.52997029357 0.0
38.4405738017647 5.52997029357 0.0
-38.4405738017647 -5.52997029357 0.0
38.4405738017647 -5.52997029357 0.0
-33.0872189443890 11.2387270468 0.0
33.0872189443890 11.2387270468 0.0
-33.0872189443890 -11.2387270468 0.0
33.0872189443890 -11.2387270468 0.0
-37.0133641015822 7.58305475853 0.0
37.0133641015822 7.58305475853 0.0
-37.0133641015822 -7.58305475853 0.0
37.0133641015822 -7.58305475853 0.0
-30.4579517587791 12.9645012887 0.0
30.4579517587791 12.9645012887 0.0
-30.4579517587791 -12.9645012887 0.0
30.4579517587791 -12.9645012887 0.0
-33.8235388335849 10.6767061959 0.0
33.8235388335849 10.6767061959 0.0
-33.8235388335849 -10.6767061959 0.0
33.8235388335849 -10.6767061959 0.0
-39.9082452307856 1.3538798506 0.0
39.9082452307856 1.3538798506 0.0
-39.9082452307856 -1.3538798506 0.0
39.9082452307856 -1.3538798506 0.0
-30.4097416317202 12.9927635041 0.0
30.4097416317202 12.9927635041 0.0
-30.4097416317202 -12.9927635041 0.0
30.4097416317202 -12.9927635041 0.0
-18.8872139049023 17.630039357 0.0
18.8872139049023 17.630039357 0.0
-18.8872139049023 -17.630039357 0.0
18.8872139049023 -17.630039357 0.0
-38.6188128605430 5.21026134763 0.0
38.6188128605430 5.21026134763 0.0
-38.6188128605430 -5.21026134763 0.0
38.6188128605430 -5.21026134763 0.0
-30.0687221739059 13.1896924417 0.0
30.0687221739059 13.1896924417 0.0
-30.0687221739059 -13.1896924417 0.0
30.0687221739059 -13.1896924417 0.0
-39.7477195253139 2.24269885055 0.0
39.7477195253139 2.24269885055 0.0
-39.7477195253139 -2.24269885055 0.0
39.7477195253139 -2.24269885055 0.0
-36.8399367326444 7.7913262917 0.0
36.8399367326444 7.7913262917 0.0
-36.8399367326444 -7.7913262917 0.0
36.8399367326444 -7.7913262917 0.0
-20.9587334455813 17.0347548585 0.0
20.9587334455813 17.0347548585 0.0
-20.9587334455813 -17.0347548585 0.0
20.9587334455813 -17.0347548585 0.0
-17.0802479515569 18.0849739419 0.0
17.0802479515569 18.0849739419 0.0
-17.0802479515569 -18.0849739419 0.0
17.0802479515569 -18.0849739419 0.0
-14.3483327469783 18.6689939966 0.0
14.3483327469783 18.6689939966 0.0
-14.3483327469783 -18.6689939966 0.0
14.3483327469783 -18.6689939966 0.0
-27.9906502269876 14.2874376628 0.0
27.9906502269876 14.2874376628 0.0
-27.9906502269876 -14.2874376628 0.0
27.9906502269876 -14.2874376628 0.0
-27.7093329047186 14.4238766458 0.0
27.7093329047186 14.4238766458 0.0
-27.7093329047186 -14.4238766458 0.0
27.7093329047186 -14.4238766458 0.0
-39.6270844652317 2.72461817441 0.0
39.6270844652317 2.72461817441 0.0
-39.6270844652317 -2.72461817441 0.0
39.6270844652317 -2.72461817441 0.0
-19.4302930501872 17.4818742701 0.0
19.4302930501872 17.4818742701 0.0
-19.4302930501872 -17.4818742701 0.0
19.4302930501872 -17.4818742701 0.0
-5.89839293848692 19.7813609286 0.0
5.89839293848692 19.7813609286 0.0
-5.89839293848692 -19.7813609286 0.0
5.89839293848692 -19.7813609286 0.0
-29.1023105105734 13.7209285668 0.0
29.1023105105734 13.7209285668 0.0
-29.1023105105734 -13.7209285668 0.0
29.1023105105734 -13.7209285668 0.0
-32.6893897618400 11.5260986136 0.0
32.6893897618400 11.5260986136 0.0
-32.6893897618400 -11.5260986136 0.0
32.6893897618400 -11.5260986136 0.0
-26.1646351811161 15.1278870454 0.0
26.1646351811161 15.1278870454 0.0
-26.1646351811161 -15.1278870454 0.0
26.1646351811161 -15.1278870454 0.0
-39.9190358095015 1.27186674221 0.0
39.9190358095015 1.27186674221 0.0
-39.9190358095015 -1.27186674221 0.0
39.9190358095015 -1.27186674221 0.0
-28.7853987412192 13.8870516967 0.0
28.7853987412192 13.8870516967 0.0
-28.7853987412192 -13.8870516967 0.0
28.7853987412192 -13.8870516967 0.0
-38.7837512198598 4.89440091625 0.0
38.7837512198598 4.89440091625 0.0
-38.7837512198598 -4.89440091625 0.0
38.7837512198598 -4.89440091625 0.0
-25.3531420647310 15.4694714474 0.0
25.3531420647310 15.4694714474 0.0
-25.3531420647310 -15.4694714474 0.0
25.3531420647310 -15.4694714474 0.0
-17.4988198253040 17.9846552978 0.0
17.4988198253040 17.9846552978 0.0
-17.4988198253040 -17.9846552978 0.0
17.4988198253040 -17.9846552978 0.0
-36.7716411241617 7.87156923739 0.0
36.7716411241617 7.87156923739 0.0
-36.7716411241617 -7.87156923739 0.0
36.7716411241617 -7.87156923739 0.0
-18.1829357112869 17.8141857021 0.0
18.1829357112869 17.8141857021 0.0
-18.1829357112869 -17.8141857021 0.0
18.1829357112869 -17.8141857021 0.0
-39.9976902737380 0.214926014085 0.0
39.9976902737380 0.214926014085 0.0
-39.9976902737380 -0.214926014085 0.0
39.9976902737380 -0.214926014085 0.0
-23.2760566546144 16.2651866467 0.0
23.2760566546144 16.2651866467 0.0
-23.2760566546144 -16.2651866467 0.0
23.2760566546144 -16.2651866467 0.0
-36.3675017409020 8.32773704444 0.0
36.3675017409020 8.32773704444 0.0
-36.3675017409020 -8.32773704444 0.0
36.3675017409020 -8.32773704444 0.0
-33.5255414101160 10.909148376 0.0
33.5255414101160 10.909148376 0.0
-33.5255414101160 -10.909148376 0.0
33.5255414101160 -10.909148376 0.0
-39.9282858968241 1.19707824948 0.0
39.9282858968241 1.19707824948 0.0
-39.9282858968241 -1.19707824948 0.0
39.9282858968241 -1.19707824948 0.0
-38.2393838982613 5.86833705323 0.0
38.2393838982613 5.86833705323 0.0
-38.2393838982613 -5.86833705323 0.0
38.2393838982613 -5.86833705323 0.0
-20.1367394333625 17.280854471 0.0
20.1367394333625 17.280854471 0.0
-20.1367394333625 -17.280854471 0.0
20.1367394333625 -17.280854471 0.0
-34.1947236167941 10.3769079784 0.0
34.1947236167941 10.3769079784 0.0
-34.1947236167941 -10.3769079784 0.0
34.1947236167941 -10.3769079784 0.0
-35.7732945019238 8.94806404311 0.0
35.7732945019238 8.94806404311 0.0
-35.7732945019238 -8.94806404311 0.0
35.7732945019238 -8.94806404311 0.0
-27.7735908799909 14.3929466201 0.0
27.7735908799909 14.3929466201 0.0
-27.7735908799909 -14.3929466201 0.0
27.7735908799909 -14.3929466201 0.0
-35.6694156253719 9.05114342148 0.0
35.6694156253719 9.05114342148 0.0
-35.6694156253719 -9.05114342148 0.0
35.6694156253719 -9.05114342148 0.0
-38.0518357203570 6.16558590709 0.0
38.0518357203570 6.16558590709 0.0
-38.0518357203570 -6.16558590709 0.0
38.0518357203570 -6.16558590709 0.0
-37.3218089126808 7.19518205964 0.0
37.3218089126808 7.19518205964 0.0
-37.3218089126808 -7.19518205964 0.0
37.3218089126808 -7.19518205964 0.0
-38.3285644811965 5.72103890938 0.0
38.3285644811965 5.72103890938 0.0
-38.3285644811965 -5.72103890938 0.0
38.3285644811965 -5.72103890938 0.0
-39.8235876299853 1.87629077417 0.0
39.8235876299853 1.87629077417 0.0
-39.8235876299853 -1.87629077417 0.0
39.8235876299853 -1.87629077417 0.0
-31.7249563134079 12.181206292 0.0
31.7249563134079 12.181206292 0.0
-31.7249563134079 -12.181206292 0.0
31.7249563134079 -12.181206292 0.0
-20.8258235992483 17.0754580569 0.0
20.8258235992483 17.0754580569 0.0
-20.8258235992483 -17.0754580569 0.0
20.8258235992483 -17.0754580569 0.0
-35.0886268533550 9.60193034689 0.0
35.0886268533550 9.60193034689 0.0
-35.0886268533550 -9.60193034689 0.0
35.0886268533550 -9.60193034689 0.0
-18.2665535513069 17.7927866097 0.0
18.2665535513069 17.7927866097 0.0
-18.2665535513069 -17.7927866097 0.0
18.2665535513069 -17.7927866097 0.0
-32.3652347045606 11.7525697458 0.0
32.3652347045606 11.7525697458 0.0
-32.3652347045606 -11.7525697458 0.0
32.3652347045606 -11.7525697458 0.0
-32.7479880885733 11.4844381246 0.0
32.7479880885733 11.4844381246 0.0
-32.7479880885733 -11.4844381246 0.0
32.7479880885733 -11.4844381246 0.0
-38.3464339341641 5.69102373332 0.0
38.3464339341641 5.69102373332 0.0
-38.3464339341641 -5.69102373332 0.0
38.3464339341641 -5.69102373332 0.0
-37.6240524095264 6.79026288676 0.0
37.6240524095264 6.79026288676 0.0
-37.6240524095264 -6.79026288676 0.0
37.6240524095264 -6.79026288676 0.0
-35.5098019284665 9.20670906189 0.0
35.5098019284665 9.20670906189 0.0
-35.5098019284665 -9.20670906189 0.0
35.5098019284665 -9.20670906189 0.0
-4.26475562670513 19.8859992171 0.0
4.26475562670513 19.8859992171 0.0
-4.26475562670513 -19.8859992171 0.0
4.26475562670513 -19.8859992171 0.0
-17.3275626915088 18.0260614887 0.0
17.3275626915088 18.0260614887 0.0
-17.3275626915088 -18.0260614887 0.0
17.3275626915088 -18.0260614887 0.0
-39.9991653062536 0.129204105004 0.0
39.9991653062536 0.129204105004 0.0
-39.9991653062536 -0.129204105004 0.0
39.9991653062536 -0.129204105004 0.0
-39.7594823810292 2.18995209951 0.0
39.7594823810292 2.18995209951 0.0
-39.7594823810292 -2.18995209951 0.0
39.7594823810292 -2.18995209951 0.0
-38.4479855506984 5.51707366031 0.0
38.4479855506984 5.51707366031 0.0
-38.4479855506984 -5.51707366031 0.0
38.4479855506984 -5.51707366031 0.0
-38.2344544996438 5.87636131281 0.0
38.2344544996438 5.87636131281 0.0
-38.2344544996438 -5.87636131281 0.0
38.2344544996438 -5.87636131281 0.0
-32.3314862491003 11.7757695813 0.0
32.3314862491003 11.7757695813 0.0
-32.3314862491003 -11.7757695813 0.0
32.3314862491003 -11.7757695813 0.0
-39.7109746658293 2.39992140964 0.0
39.7109746658293 2.39992140964 0.0
-39.7109746658293 -2.39992140964 0.0
39.7109746658293 -2.39992140964 0.0
-29.9619254795751 13.2503115205 0.0
29.9619254795751 13.2503115205 0.0
-29.9619254795751 -13.2503115205 0.0
29.9619254795751 -13.2503115205 0.0
-3.48406342736649 19.9239886947 0.0
3.48406342736649 19.9239886947 0.0
-3.48406342736649 -19.9239886947 0.0
3.48406342736649 -19.9239886947 0.0
-28.6496898310395 13.957034719 0.0
28.6496898310395 13.957034719 0.0
-28.6496898310395 -13.957034719 0.0
28.6496898310395 -13.957034719 0.0
-28.3791868989816 14.094518003 0.0
28.3791868989816 14.094518003 0.0
-28.3791868989816 -14.094518003 0.0
28.3791868989816 -14.094518003 0.0
-37.8098335076799 6.52718335351 0.0
37.8098335076799 6.52718335351 0.0
-37.8098335076799 -6.52718335351 0.0
37.8098335076799 -6.52718335351 0.0
-22.6232086263814 16.4938657646 0.0
22.6232086263814 16.4938657646 0.0
-22.6232086263814 -16.4938657646 0.0
22.6232086263814 -16.4938657646 0.0
-38.6437815792845 5.16377152023 0.0
38.6437815792845 5.16377152023 0.0
-38.6437815792845 -5.16377152023 0.0
38.6437815792845 -5.16377152023 0.0
-32.4185653813201 11.7157652185 0.0
32.4185653813201 11.7157652185 0.0
-32.4185653813201 -11.7157652185 0.0
32.4185653813201 -11.7157652185 0.0
-38.0769372794112 6.12672113409 0.0
38.0769372794112 6.12672113409 0.0
-38.0769372794112 -6.12672113409 0.0
38.0769372794112 -6.12672113409 0.0
-31.1924793928038 12.5202758489 0.0
31.1924793928038 12.5202758489 0.0
-31.1924793928038 -12.5202758489 0.0
31.1924793928038 -12.5202758489 0.0
-39.9302204199185 1.18083627323 0.0
39.9302204199185 1.18083627323 0.0
-39.9302204199185 -1.18083627323 0.0
39.9302204199185 -1.18083627323 0.0
-32.9530724494847 11.3368317459 0.0
32.9530724494847 11.3368317459 0.0
-32.9530724494847 -11.3368317459 0.0
32.9530724494847 -11.3368317459 0.0
-37.7701365956363 6.58439028208 0.0
37.7701365956363 6.58439028208 0.0
-37.7701365956363 -6.58439028208 0.0
37.7701365956363 -6.58439028208 0.0
-25.9753007626111 15.2092385599 0.0
25.9753007626111 15.2092385599 0.0
-25.9753007626111 -15.2092385599 0.0
25.9753007626111 -15.2092385599 0.0
-36.5424303936382 8.13404544071 0.0
36.5424303936382 8.13404544071 0.0
-36.5424303936382 -8.13404544071 0.0
36.5424303936382 -8.13404544071 0.0
-37.0998485915515 7.47665089602 0.0
37.0998485915515 7.47665089602 0.0
-37.0998485915515 -7.47665089602 0.0
37.0998485915515 -7.47665089602 0.0
-32.6837942412280 11.5300649824 0.0
32.6837942412280 11.5300649824 0.0
-32.6837942412280 -11.5300649824 0.0
32.6837942412280 -11.5300649824 0.0
-7.72466703766000 19.6235159895 0.0
7.72466703766000 19.6235159895 0.0
-7.72466703766000 -19.6235159895 0.0
7.72466703766000 -19.6235159895 0.0
-29.4823988087129 13.5165469008 0.0
29.4823988087129 13.5165469008 0.0
-29.4823988087129 -13.5165469008 0.0
29.4823988087129 -13.5165469008 0.0
-25.4719928785209 15.4205834747 0.0
25.4719928785209 15.4205834747 0.0
-25.4719928785209 -15.4205834747 0.0
25.4719928785209 -15.4205834747 0.0
-36.3502975007436 8.34649434804 0.0
36.3502975007436 8.34649434804 0.0
-36.3502975007436 -8.34649434804 0.0
36.3502975007436 -8.34649434804 0.0
-33.1306298639009 11.2067096512 0.0
33.1306298639009 11.2067096512 0.0
-33.1306298639009 -11.2067096512 0.0
33.1306298639009 -11.2067096512 0.0
-35.6634230635898 9.05704498426 0.0
35.6634230635898 9.05704498426 0.0
-35.6634230635898 -9.05704498426 0.0
35.6634230635898 -9.05704498426 0.0
-13.1405001271514 18.8899924326 0.0
13.1405001271514 18.8899924326 0.0
-13.1405001271514 -18.8899924326 0.0
13.1405001271514 -18.8899924326 0.0
-25.4864620699720 15.4146055022 0.0
25.4864620699720 15.4146055022 0.0
-25.4864620699720 -15.4146055022 0.0
25.4864620699720 -15.4146055022 0.0
-4.16930318361063 19.8910589899 0.0
4.16930318361063 19.8910589899 0.0
-4.16930318361063 -19.8910589899 0.0
4.16930318361063 -19.8910589899 0.0
-11.0163976113368 19.2265375436 0.0
11.0163976113368 19.2265375436 0.0
-11.0163976113368 -19.2265375436 0.0
11.0163976113368 -19.2265375436 0.0
-38.2791225088671 5.80320557863 0.0
38.2791225088671 5.80320557863 0.0
-38.2791225088671 -5.80320557863 0.0
38.2791225088671 -5.80320557863 0.0
-34.1529723861355 10.4112256386 0.0
34.1529723861355 10.4112256386 0.0
-34.1529723861355 -10.4112256386 0.0
34.1529723861355 -10.4112256386 0.0
-20.3053700765993 17.2314534069 0.0
20.3053700765993 17.2314534069 0.0
-20.3053700765993 -17.2314534069 0.0
20.3053700765993 -17.2314534069 0.0
-37.3795194750692 7.11989332457 0.0
37.3795194750692 7.11989332457 0.0
-37.3795194750692 -7.11989332457 0.0
37.3795194750692 -7.11989332457 0.0
-15.3428127053408 18.4702334737 0.0
15.3428127053408 18.4702334737 0.0
-15.3428127053408 -18.4702334737 0.0
15.3428127053408 -18.4702334737 0.0
-39.3024840443590 3.71869425817 0.0
39.3024840443590 3.71869425817 0.0
-39.3024840443590 -3.71869425817 0.0
39.3024840443590 -3.71869425817 0.0
-28.2834559834528 14.142543244 0.0
28.2834559834528 14.142543244 0.0
-28.2834559834528 -14.142543244 0.0
28.2834559834528 -14.142543244 0.0
-39.9970613738041 0.242425999094 0.0
39.9970613738041 0.242425999094 0.0
-39.9970613738041 -0.242425999094 0.0
39.9970613738041 -0.242425999094 0.0
-31.7483718769976 12.1659451252 0.0
31.7483718769976 12.1659451252 0.0
-31.7483718769976 -12.1659451252 0.0
31.7483718769976 -12.1659451252 0.0
-22.3736281507827 16.5787572165 0.0
22.3736281507827 16.5787572165 0.0
-22.3736281507827 -16.5787572165 0.0
22.3736281507827 -16.5787572165 0.0
-12.5788106277992 18.9853464756 0.0
12.5788106277992 18.9853464756 0.0
-12.5788106277992 -18.9853464756 0.0
12.5788106277992 -18.9853464756 0.0
-35.6178122473364 9.10180546256 0.0
35.6178122473364 9.10180546256 0.0
-35.6178122473364 -9.10180546256 0.0
35.6178122473364 -9.10180546256 0.0
-38.8018920782389 4.85832201353 0.0
38.8018920782389 4.85832201353 0.0
-38.8018920782389 -4.85832201353 0.0
38.8018920782389 -4.85832201353 0.0
-26.2414904226874 15.0945700535 0.0
26.2414904226874 15.0945700535 0.0
-26.2414904226874 -15.0945700535 0.0
26.2414904226874 -15.0945700535 0.0
-3.83862228534062 19.9076931044 0.0
3.83862228534062 19.9076931044 0.0
-3.83862228534062 -19.9076931044 0.0
3.83862228534062 -19.9076931044 0.0
-39.7817376727387 2.08646517688 0.0
39.7817376727387 2.08646517688 0.0
-39.7817376727387 -2.08646517688 0.0
39.7817376727387 -2.08646517688 0.0
-17.3725848745817 18.015224775 0.0
17.3725848745817 18.015224775 0.0
-17.3725848745817 -18.015224775 0.0
17.3725848745817 -18.015224775 0.0
-19.4947512431605 17.4639247734 0.0
19.4947512431605 17.4639247734 0.0
-19.4947512431605 -17.4639247734 0.0
19.4947512431605 -17.4639247734 0.0
-35.8483625022549 8.87263920582 0.0
35.8483625022549 8.87263920582 0.0
-35.8483625022549 -8.87263920582 0.0
35.8483625022549 -8.87263920582 0.0
-39.8960747329468 1.44076549993 0.0
39.8960747329468 1.44076549993 0.0
-39.8960747329468 -1.44076549993 0.0
39.8960747329468 -1.44076549993 0.0
-38.5134956284588 5.40163527269 0.0
38.5134956284588 5.40163527269 0.0
-38.5134956284588 -5.40163527269 0.0
38.5134956284588 -5.40163527269 0.0
-20.1556665592828 17.2753372293 0.0
20.1556665592828 17.2753372293 0.0
-20.1556665592828 -17.2753372293 0.0
20.1556665592828 -17.2753372293 0.0
-29.8132140093952 13.3339066896 0.0
29.8132140093952 13.3339066896 0.0
-29.8132140093952 -13.3339066896 0.0
29.8132140093952 -13.3339066896 0.0
-32.8268377950494 11.4280217052 0.0
32.8268377950494 11.4280217052 0.0
-32.8268377950494 -11.4280217052 0.0
32.8268377950494 -11.4280217052 0.0
-30.5244631849919 12.9253350756 0.0
30.5244631849919 12.9253350756 0.0
-30.5244631849919 -12.9253350756 0.0
30.5244631849919 -12.9253350756 0.0
-39.5029076348763 3.14325819773 0.0
39.5029076348763 3.14325819773 0.0
-39.5029076348763 -3.14325819773 0.0
39.5029076348763 -3.14325819773 0.0
-39.9696531817480 0.77891343081 0.0
39.9696531817480 0.77891343081 0.0
-39.9696531817480 -0.77891343081 0.0
39.9696531817480 -0.77891343081 0.0
-12.8550565089060 18.9390306124 0.0
12.8550565089060 18.9390306124 0.0
-12.8550565089060 -18.9390306124 0.0
12.8550565089060 -18.9390306124 0.0
-34.3505720748404 10.2474167249 0.0
34.3505720748404 10.2474167249 0.0
-34.3505720748404 -10.2474167249 0.0
34.3505720748404 -10.2474167249 0.0
-39.8778006696619 1.5621310565 0.0
39.8778006696619 1.5621310565 0.0
-39.8778006696619 -1.5621310565 0.0
39.8778006696619 -1.5621310565 0.0
-37.4359408150035 7.04539451159 0.0
37.4359408150035 7.04539451159 0.0
-37.4359408150035 -7.04539451159 0.0
37.4359408150035 -7.04539451159 0.0
-30.3994714910672 12.9987704521 0.0
30.3994714910672 12.9987704521 0.0
-30.3994714910672 -12.9987704521 0.0
30.3994714910672 -12.9987704521 0.0
-2.05079854513905 19.9736966116 0.0
2.05079854513905 19.9736966116 0.0
-2.05079854513905 -19.9736966116 0.0
2.05079854513905 -19.9736966116 0.0
-33.9230397698631 10.5974923068 0.0
33.9230397698631 10.5974923068 0.0
-33.9230397698631 -10.5974923068 0.0
33.9230397698631 -10.5974923068 0.0
-35.3383199270443 9.37020737142 0.0
35.3383199270443 9.37020737142 0.0
-35.3383199270443 -9.37020737142 0.0
35.3383199270443 -9.37020737142 0.0
-18.0940789412541 17.8367899807 0.0
18.0940789412541 17.8367899807 0.0
-18.0940789412541 -17.8367899807 0.0
18.0940789412541 -17.8367899807 0.0
-3.25749084838295 19.9335693829 0.0
3.25749084838295 19.9335693829 0.0
-3.25749084838295 -19.9335693829 0.0
3.25749084838295 -19.9335693829 0.0
-35.5759410354056 9.14265305376 0.0
35.5759410354056 9.14265305376 0.0
-35.5759410354056 -9.14265305376 0.0
35.5759410354056 -9.14265305376 0.0
-3.19759867122955 19.9359935966 0.0
3.19759867122955 19.9359935966 0.0
-3.19759867122955 -19.9359935966 0.0
3.19759867122955 -19.9359935966 0.0
-19.7089098599279 17.4037271305 0.0
19.7089098599279 17.4037271305 0.0
-19.7089098599279 -17.4037271305 0.0
19.7089098599279 -17.4037271305 0.0
-1.07993552278088 19.9927095416 0.0
1.07993552278088 19.9927095416 0.0
-1.07993552278088 -19.9927095416 0.0
1.07993552278088 -19.9927095416 0.0
-39.7980576994709 2.00714992898 0.0
39.7980576994709 2.00714992898 0.0
-39.7980576994709 -2.00714992898 0.0
39.7980576994709 -2.00714992898 0.0
-39.9951302409320 0.31207251196 0.0
39.9951302409320 0.31207251196 0.0
-39.9951302409320 -0.31207251196 0.0
39.9951302409320 -0.31207251196 0.0
-23.7298028724694 16.1004383142 0.0
23.7298028724694 16.1004383142 0.0
-23.7298028724694 -16.1004383142 0.0
23.7298028724694 -16.1004383142 0.0
-33.7529244976955 10.7324285212 0.0
33.7529244976955 10.7324285212 0.0
-33.7529244976955 -10.7324285212 0.0
33.7529244976955 -10.7324285212 0.0
-39.4781219279193 3.22016649586 0.0
39.4781219279193 3.22016649586 0.0
-39.4781219279193 -3.22016649586 0.0
39.4781219279193 -3.22016649586 0.0
38.1908410722 -5.94684071996413 0.0
-38.1908410722 -5.94684071996413 0.0
38.1908410722 5.94684071996413 0.0
-38.1908410722 5.94684071996413 0.0
39.5396332599 -3.02561570902062 0.0
-39.5396332599 -3.02561570902062 0.0
39.5396332599 3.02561570902062 0.0
-39.5396332599 3.02561570902062 0.0
29.2565445412 -13.6386821348905 0.0
-29.2565445412 -13.6386821348905 0.0
29.2565445412 13.6386821348905 0.0
-29.2565445412 13.6386821348905 0.0
11.5086475933 -19.1543143349796 0.0
-11.5086475933 -19.1543143349796 0.0
11.5086475933 19.1543143349796 0.0
-11.5086475933 19.1543143349796 0.0
14.4165765321 -18.6558457399685 0.0
-14.4165765321 -18.6558457399685 0.0
14.4165765321 18.6558457399685 0.0
-14.4165765321 18.6558457399685 0.0
19.2221013257 -17.5393188338677 0.0
-19.2221013257 -17.5393188338677 0.0
19.2221013257 17.5393188338677 0.0
-19.2221013257 17.5393188338677 0.0
24.9759128026 -15.6221299738098 0.0
-24.9759128026 -15.6221299738098 0.0
24.9759128026 15.6221299738098 0.0
-24.9759128026 15.6221299738098 0.0
30.9327825074 -12.6803289226640 0.0
-30.9327825074 -12.6803289226640 0.0
30.9327825074 12.6803289226640 0.0
-30.9327825074 12.6803289226640 0.0
33.8266451181 -10.6742456414303 0.0
-33.8266451181 -10.6742456414303 0.0
33.8266451181 10.6742456414303 0.0
-33.8266451181 10.6742456414303 0.0
29.0392616874 -13.7542837022816 0.0
-29.0392616874 -13.7542837022816 0.0
29.0392616874 13.7542837022816 0.0
-29.0392616874 13.7542837022816 0.0
18.301432307 -17.7838239385606 0.0
-18.301432307 -17.7838239385606 0.0
18.301432307 17.7838239385606 0.0
-18.301432307 17.7838239385606 0.0
18.4125610315 -17.7551231779906 0.0
-18.4125610315 -17.7551231779906 0.0
18.4125610315 17.7551231779906 0.0
-18.4125610315 17.7551231779906 0.0
16.5933012381 -18.1979556133570 0.0
-16.5933012381 -18.1979556133570 0.0
16.5933012381 18.1979556133570 0.0
-16.5933012381 18.1979556133570 0.0
34.7626316858 -9.89393044085615 0.0
-34.7626316858 -9.89393044085615 0.0
34.7626316858 9.89393044085615 0.0
-34.7626316858 9.89393044085615 0.0
0.48336649659 -19.9985396768738 0.0
-0.48336649659 -19.9985396768738 0.0
0.48336649659 19.9985396768738 0.0
-0.48336649659 19.9985396768738 0.0
16.6291733101 -18.1897676938295 0.0
-16.6291733101 -18.1897676938295 0.0
16.6291733101 18.1897676938295 0.0
-16.6291733101 18.1897676938295 0.0
30.7579568967 -12.7862043580445 0.0
-30.7579568967 -12.7862043580445 0.0
30.7579568967 12.7862043580445 0.0
-30.7579568967 12.7862043580445 0.0
7.17456972082 -19.6756546861921 0.0
-7.17456972082 -19.6756546861921 0.0
7.17456972082 19.6756546861921 0.0
-7.17456972082 19.6756546861921 0.0
17.1670600936 -18.0644128588683 0.0
-17.1670600936 -18.0644128588683 0.0
17.1670600936 18.0644128588683 0.0
-17.1670600936 18.0644128588683 0.0
24.6198241399 -15.7628063754413 0.0
-24.6198241399 -15.7628063754413 0.0
24.6198241399 15.7628063754413 0.0
-24.6198241399 15.7628063754413 0.0
23.7345718724 -16.0986808312995 0.0
-23.7345718724 -16.0986808312995 0.0
23.7345718724 16.0986808312995 0.0
-23.7345718724 16.0986808312995 0.0
15.2851733497 -18.4821770610805 0.0
-15.2851733497 -18.4821770610805 0.0
15.2851733497 18.4821770610805 0.0
-15.2851733497 18.4821770610805 0.0
11.6103943314 -19.1389572826581 0.0
-11.6103943314 -19.1389572826581 0.0
11.6103943314 19.1389572826581 0.0
-11.6103943314 19.1389572826581 0.0
31.2084322403 -12.5103332999655 0.0
-31.2084322403 -12.5103332999655 0.0
31.2084322403 12.5103332999655 0.0
-31.2084322403 12.5103332999655 0.0
27.8278362085 -14.3667283327835 0.0
-27.8278362085 -14.3667283327835 0.0
27.8278362085 14.3667283327835 0.0
-27.8278362085 14.3667283327835 0.0
34.3223691501 -10.2710147493005 0.0
-34.3223691501 -10.2710147493005 0.0
34.3223691501 10.2710147493005 0.0
-34.3223691501 10.2710147493005 0.0
34.3360108288 -10.2596096461699 0.0
-34.3360108288 -10.2596096461699 0.0
34.3360108288 10.2596096461699 0.0
-34.3360108288 10.2596096461699 0.0
14.9109350544 -18.5584483174275 0.0
-14.9109350544 -18.5584483174275 0.0
14.9109350544 18.5584483174275 0.0
-14.9109350544 18.5584483174275 0.0
11.1351800233 -19.2094232464721 0.0
-11.1351800233 -19.2094232464721 0.0
11.1351800233 19.2094232464721 0.0
-11.1351800233 19.2094232464721 0.0
24.6867592662 -15.7366126988256 0.0
-24.6867592662 -15.7366126988256 0.0
24.6867592662 15.7366126988256 0.0
-24.6867592662 15.7366126988256 0.0
16.1942908669 -18.2875978693034 0.0
-16.1942908669 -18.2875978693034 0.0
16.1942908669 18.2875978693034 0.0
-16.1942908669 18.2875978693034 0.0
18.7746719752 -17.6600657715736 0.0
-18.7746719752 -17.6600657715736 0.0
18.7746719752 17.6600657715736 0.0
-18.7746719752 17.6600657715736 0.0
39.5260164829 -3.06977283333226 0.0
-39.5260164829 -3.06977283333226 0.0
39.5260164829 3.06977283333226 0.0
-39.5260164829 3.06977283333226 0.0
39.3390773578 -3.62066957324464 0.0
-39.3390773578 -3.62066957324464 0.0
39.3390773578 3.62066957324464 0.0
-39.3390773578 3.62066957324464 0.0
39.8990487468 -1.42002720924623 0.0
-39.8990487468 -1.42002720924623 0.0
39.8990487468 1.42002720924623 0.0
-39.8990487468 1.42002720924623 0.0
28.4728877242 -14.0471942451384 0.0
-28.4728877242 -14.0471942451384 0.0
28.4728877242 14.0471942451384 0.0
-28.4728877242 14.0471942451384 0.0
27.3027177591 -14.6164428210722 0.0
-27.3027177591 -14.6164428210722 0.0
27.3027177591 14.6164428210722 0.0
-27.3027177591 14.6164428210722 0.0
37.507514248 -6.94957507577126 0.0
-37.507514248 -6.94957507577126 0.0
37.507514248 6.94957507577126 0.0
-37.507514248 6.94957507577126 0.0
6.82599847023 -19.7066343199721 0.0
-6.82599847023 -19.7066343199721 0.0
6.82599847023 19.7066343199721 0.0
-6.82599847023 19.7066343199721 0.0
11.8040022246 -19.1093271171575 0.0
-11.8040022246 -19.1093271171575 0.0
11.8040022246 19.1093271171575 0.0
-11.8040022246 19.1093271171575 0.0
29.7668922123 -13.3597541895437 0.0
-29.7668922123 -13.3597541895437 0.0
29.7668922123 13.3597541895437 0.0
-29.7668922123 13.3597541895437 0.0
1.61958835853 -19.9835991099509 0.0
-1.61958835853 -19.9835991099509 0.0
1.61958835853 19.9835991099509 0.0
-1.61958835853 19.9835991099509 0.0
38.3823295639 -5.63020375395797 0.0
-38.3823295639 -5.63020375395797 0.0
38.3823295639 5.63020375395797 0.0
-38.3823295639 5.63020375395797 0.0
5.06524319017 -19.8389976525054 0.0
-5.06524319017 -19.8389976525054 0.0
5.06524319017 19.8389976525054 0.0
-5.06524319017 19.8389976525054 0.0
37.0736505699 -7.50906840791648 0.0
-37.0736505699 -7.50906840791648 0.0
37.0736505699 7.50906840791648 0.0
-37.0736505699 7.50906840791648 0.0
37.9771724305 -6.27961730881106 0.0
-37.9771724305 -6.27961730881106 0.0
37.9771724305 6.27961730881106 0.0
-37.9771724305 6.27961730881106 0.0
28.5381501783 -14.0140463856658 0.0
-28.5381501783 -14.0140463856658 0.0
28.5381501783 14.0140463856658 0.0
-28.5381501783 14.0140463856658 0.0
30.0372195904 -13.2076250635707 0.0
-30.0372195904 -13.2076250635707 0.0
30.0372195904 13.2076250635707 0.0
-30.0372195904 13.2076250635707 0.0
17.9691682984 -17.8683308584155 0.0
-17.9691682984 -17.8683308584155 0.0
17.9691682984 17.8683308584155 0.0
-17.9691682984 17.8683308584155 0.0
11.8826572443 -19.0971362827903 0.0
-11.8826572443 -19.0971362827903 0.0
11.8826572443 19.0971362827903 0.0
-11.8826572443 19.0971362827903 0.0
35.7520403999 -8.96927543397142 0.0
-35.7520403999 -8.96927543397142 0.0
35.7520403999 8.96927543397142 0.0
-35.7520403999 8.96927543397142 0.0
20.211052314 -17.2591523862033 0.0
-20.211052314 -17.2591523862033 0.0
20.211052314 17.2591523862033 0.0
-20.211052314 17.2591523862033 0.0
27.2233375584 -14.6534116520903 0.0
-27.2233375584 -14.6534116520903 0.0
27.2233375584 14.6534116520903 0.0
-27.2233375584 14.6534116520903 0.0
20.8439073131 -17.0699408897938 0.0
-20.8439073131 -17.0699408897938 0.0
20.8439073131 17.0699408897938 0.0
-20.8439073131 17.0699408897938 0.0
35.1866972816 -9.51178656211525 0.0
-35.1866972816 -9.51178656211525 0.0
35.1866972816 9.51178656211525 0.0
-35.1866972816 9.51178656211525 0.0
32.4007234085 -11.7280979127610 0.0
-32.4007234085 -11.7280979127610 0.0
32.4007234085 11.7280979127610 0.0
-32.4007234085 11.7280979127610 0.0
8.71176378295 -19.5198947985773 0.0
-8.71176378295 -19.5198947985773 0.0
8.71176378295 19.5198947985773 0.0
-8.71176378295 19.5198947985773 0.0
10.0791191638 -19.3546593672053 0.0
-10.0791191638 -19.3546593672053 0.0
10.0791191638 19.3546593672053 0.0
-10.0791191638 19.3546593672053 0.0
19.9055438428 -17.3476895026626 0.0
-19.9055438428 -17.3476895026626 0.0
19.9055438428 17.3476895026626 0.0
-19.9055438428 17.3476895026626 0.0
17.7597033333 -17.9206092077768 0.0
-17.7597033333 -17.9206092077768 0.0
17.7597033333 17.9206092077768 0.0
-17.7597033333 17.9206092077768 0.0
19.47297271 -17.4699980955602 0.0
-19.47297271 -17.4699980955602 0.0
19.47297271 17.4699980955602 0.0
-19.47297271 17.4699980955602 0.0
7.65037176464 -19.6307909409096 0.0
-7.65037176464 -19.6307909409096 0.0
7.65037176464 19.6307909409096 0.0
-7.65037176464 19.6307909409096 0.0
9.98581671619 -19.3667464001491 0.0
-9.98581671619 -19.3667464001491 0.0
9.98581671619 19.3667464001491 0.0
-9.98581671619 19.3667464001491 0.0
36.2143589783 -8.49294124244356 0.0
-36.2143589783 -8.49294124244356 0.0
36.2143589783 8.49294124244356 0.0
-36.2143589783 8.49294124244356 0.0
4.06543510922 -19.8964333322126 0.0
-4.06543510922 -19.8964333322126 0.0
4.06543510922 19.8964333322126 0.0
-4.06543510922 19.8964333322126 0.0
10.8170490495 -19.2548140075486 0.0
-10.8170490495 -19.2548140075486 0.0
10.8170490495 19.2548140075486 0.0
-10.8170490495 19.2548140075486 0.0
4.31033054736 -19.8835425073885 0.0
-4.31033054736 -19.8835425073885 0.0
4.31033054736 19.8835425073885 0.0
-4.31033054736 19.8835425073885 0.0
19.0680968343 -17.5812946275023 0.0
-19.0680968343 -17.5812946275023 0.0
19.0680968343 17.5812946275023 0.0
-19.0680968343 17.5812946275023 0.0
35.0379039593 -9.64812528601336 0.0
-35.0379039593 -9.64812528601336 0.0
35.0379039593 9.64812528601336 0.0
-35.0379039593 9.64812528601336 0.0
35.5257137904 -9.19135000530492 0.0
-35.5257137904 -9.19135000530492 0.0
35.5257137904 9.19135000530492 0.0
-35.5257137904 9.19135000530492 0.0
3.27814072422 -19.9327230540150 0.0
-3.27814072422 -19.9327230540150 0.0
3.27814072422 19.9327230540150 0.0
-3.27814072422 19.9327230540150 0.0
8.84469413807 -19.5049441527267 0.0
-8.84469413807 -19.5049441527267 0.0
8.84469413807 19.5049441527267 0.0
-8.84469413807 19.5049441527267 0.0
11.1819120095 -19.2026355210195 0.0
-11.1819120095 -19.2026355210195 0.0
11.1819120095 19.2026355210195 0.0
-11.1819120095 19.2026355210195 0.0
18.3585633888 -17.7690964197521 0.0
-18.3585633888 -17.7690964197521 0.0
18.3585633888 17.7690964197521 0.0
-18.3585633888 17.7690964197521 0.0
9.15363014023 -19.4692774343062 0.0
-9.15363014023 -19.4692774343062 0.0
9.15363014023 19.4692774343062 0.0
-9.15363014023 19.4692774343062 0.0
2.18178280346 -19.9702267375618 0.0
-2.18178280346 -19.9702267375618 0.0
2.18178280346 19.9702267375618 0.0
-2.18178280346 19.9702267375618 0.0
21.7359690617 -16.7894881469728 0.0
-21.7359690617 -16.7894881469728 0.0
21.7359690617 16.7894881469728 0.0
-21.7359690617 16.7894881469728 0.0
27.6832087574 -14.4364118888186 0.0
-27.6832087574 -14.4364118888186 0.0
27.6832087574 14.4364118888186 0.0
-27.6832087574 14.4364118888186 0.0
25.8312486795 -15.2704501542766 0.0
-25.8312486795 -15.2704501542766 0.0
25.8312486795 15.2704501542766 0.0
-25.8312486795 15.2704501542766 0.0
24.2169394571 -15.9180702609475 0.0
-24.2169394571 -15.9180702609475 0.0
24.2169394571 15.9180702609475 0.0
-24.2169394571 15.9180702609475 0.0
7.16022969893 -19.6769605799431 0.0
-7.16022969893 -19.6769605799431 0.0
7.16022969893 19.6769605799431 0.0
-7.16022969893 19.6769605799431 0.0
1.32143179002 -19.9890833833390 0.0
-1.32143179002 -19.9890833833390 0.0
1.32143179002 19.9890833833390 0.0
-1.32143179002 19.9890833833390 0.0
8.16001000334 -19.5794167223219 0.0
-8.16001000334 -19.5794167223219 0.0
8.16001000334 19.5794167223219 0.0
-8.16001000334 19.5794167223219 0.0
10.1740120828 -19.3422431360737 0.0
-10.1740120828 -19.3422431360737 0.0
10.1740120828 19.3422431360737 0.0
-10.1740120828 19.3422431360737 0.0
3.87834352346 -19.9057683317803 0.0
-3.87834352346 -19.9057683317803 0.0
3.87834352346 19.9057683317803 0.0
-3.87834352346 19.9057683317803 0.0
19.7902581208 -17.3806335004707 0.0
-19.7902581208 -17.3806335004707 0.0
19.7902581208 17.3806335004707 0.0
-19.7902581208 17.3806335004707 0.0
38.4323663101 -5.54421364596798 0.0
-38.4323663101 -5.54421364596798 0.0
38.4323663101 5.54421364596798 0.0
-38.4323663101 5.54421364596798 0.0
27.8027703895 -14.3788556452376 0.0
-27.8027703895 -14.3788556452376 0.0
27.8027703895 14.3788556452376 0.0
-27.8027703895 14.3788556452376 0.0
7.7393991179 -19.6220647568871 0.0
-7.7393991179 -19.6220647568871 0.0
7.7393991179 19.6220647568871 0.0
-7.7393991179 19.6220647568871 0.0
11.9834436455 -19.0813854213630 0.0
-11.9834436455 -19.0813854213630 0.0
11.9834436455 19.0813854213630 0.0
-11.9834436455 19.0813854213630 0.0
10.3290126248 -19.3216944016150 0.0
-10.3290126248 -19.3216944016150 0.0
10.3290126248 19.3216944016150 0.0
-10.3290126248 19.3216944016150 0.0
27.6870861148 -14.4345528374816 0.0
-27.6870861148 -14.4345528374816 0.0
27.6870861148 14.4345528374816 0.0
-27.6870861148 14.4345528374816 0.0
36.4697812367 -8.21515454128713 0.0
-36.4697812367 -8.21515454128713 0.0
36.4697812367 8.21515454128713 0.0
-36.4697812367 8.21515454128713 0.0
3.92396122318 -19.9035331556925 0.0
-3.92396122318 -19.9035331556925 0.0
3.92396122318 19.9035331556925 0.0
-3.92396122318 19.9035331556925 0.0
5.84043969469 -19.7856593532580 0.0
-5.84043969469 -19.7856593532580 0.0
5.84043969469 19.7856593532580 0.0
-5.84043969469 19.7856593532580 0.0
23.1198459101 -16.3207898483248 0.0
-23.1198459101 -16.3207898483248 0.0
23.1198459101 16.3207898483248 0.0
-23.1198459101 16.3207898483248 0.0
4.40899152225 -19.8781336759559 0.0
-4.40899152225 -19.8781336759559 0.0
4.40899152225 19.8781336759559 0.0
-4.40899152225 19.8781336759559 0.0
12.2695884509 -19.0358687695422 0.0
-12.2695884509 -19.0358687695422 0.0
12.2695884509 19.0358687695422 0.0
-12.2695884509 19.0358687695422 0.0
31.915256271 -12.0562889932947 0.0
-31.915256271 -12.0562889932947 0.0
31.915256271 12.0562889932947 0.0
-31.915256271 12.0562889932947 0.0
26.725400624 -14.8808010661759 0.0
-26.725400624 -14.8808010661759 0.0
26.725400624 14.8808010661759 0.0
-26.725400624 14.8808010661759 0.0
33.0931644337 -11.2343498673172 0.0
-33.0931644337 -11.2343498673172 0.0
33.0931644337 11.2343498673172 0.0
-33.0931644337 11.2343498673172 0.0
7.57792288729 -19.6378148269754 0.0
-7.57792288729 -19.6378148269754 0.0
7.57792288729 19.6378148269754 0.0
-7.57792288729 19.6378148269754 0.0
11.5445333462 -19.1489147852939 0.0
-11.5445333462 -19.1489147852939 0.0
11.5445333462 19.1489147852939 0.0
-11.5445333462 19.1489147852939 0.0
24.6476782733 -15.7519201665804 0.0
-24.6476782733 -15.7519201665804 0.0
24.6476782733 15.7519201665804 0.0
-24.6476782733 15.7519201665804 0.0
16.8711557067 -18.1339743652574 0.0
-16.8711557067 -18.1339743652574 0.0
16.8711557067 18.1339743652574 0.0
-16.8711557067 18.1339743652574 0.0
35.3570669692 -9.35251056312118 0.0
-35.3570669692 -9.35251056312118 0.0
35.3570669692 9.35251056312118 0.0
-35.3570669692 9.35251056312118 0.0
28.7777922166 -13.8909923613949 0.0
-28.7777922166 -13.8909923613949 0.0
28.7777922166 13.8909923613949 0.0
-28.7777922166 13.8909923613949 0.0
9.73105348807 -19.3991404320682 0.0
-9.73105348807 -19.3991404320682 0.0
9.73105348807 19.3991404320682 0.0
-9.73105348807 19.3991404320682 0.0
31.2080079953 -12.5105978770756 0.0
-31.2080079953 -12.5105978770756 0.0
31.2080079953 12.5105978770756 0.0
-31.2080079953 12.5105978770756 0.0
14.4100087796 -18.6571142394219 0.0
-14.4100087796 -18.6571142394219 0.0
14.4100087796 18.6571142394219 0.0
-14.4100087796 18.6571142394219 0.0
33.3866261803 -11.0151394941062 0.0
-33.3866261803 -11.0151394941062 0.0
33.3866261803 11.0151394941062 0.0
-33.3866261803 11.0151394941062 0.0
30.3367229249 -13.0353676797088 0.0
-30.3367229249 -13.0353676797088 0.0
30.3367229249 13.0353676797088 0.0
-30.3367229249 13.0353676797088 0.0
5.43788319198 -19.8143220070126 0.0
-5.43788319198 -19.8143220070126 0.0
5.43788319198 19.8143220070126 0.0
-5.43788319198 19.8143220070126 0.0
39.3464449082 -3.60059970992281 0.0
-39.3464449082 -3.60059970992281 0.0
39.3464449082 3.60059970992281 0.0
-39.3464449082 3.60059970992281 0.0
30.2550083262 -13.0827603278470 0.0
-30.2550083262 -13.0827603278470 0.0
30.2550083262 13.0827603278470 0.0
-30.2550083262 13.0827603278470 0.0
3.66676066258 -19.9157906335863 0.0
-3.66676066258 -19.9157906335863 0.0
3.66676066258 19.9157906335863 0.0
-3.66676066258 19.9157906335863 0.0
35.7669096023 -8.95444271717806 0.0
-35.7669096023 -8.95444271717806 0.0
35.7669096023 8.95444271717806 0.0
-35.7669096023 8.95444271717806 0.0
26.1723043884 -15.1245701013366 0.0
-26.1723043884 -15.1245701013366 0.0
26.1723043884 15.1245701013366 0.0
-26.1723043884 15.1245701013366 0.0
20.1710753237 -17.2708404564322 0.0
-20.1710753237 -17.2708404564322 0.0
20.1710753237 17.2708404564322 0.0
-20.1710753237 17.2708404564322 0.0
25.8749757266 -15.2519312805775 0.0
-25.8749757266 -15.2519312805775 0.0
25.8749757266 15.2519312805775 0.0
-25.8749757266 15.2519312805775 0.0
35.1463520252 -9.54900438947935 0.0
-35.1463520252 -9.54900438947935 0.0
35.1463520252 9.54900438947935 0.0
-35.1463520252 9.54900438947935 0.0
31.645765224 -12.2325952212613 0.0
-31.645765224 -12.2325952212613 0.0
31.645765224 12.2325952212613 0.0
-31.645765224 12.2325952212613 0.0
3.65375702514 -19.9163880987569 0.0
-3.65375702514 -19.9163880987569 0.0
3.65375702514 19.9163880987569 0.0
-3.65375702514 19.9163880987569 0.0
25.1229233065 -15.5630871337953 0.0
-25.1229233065 -15.5630871337953 0.0
25.1229233065 15.5630871337953 0.0
-25.1229233065 15.5630871337953 0.0
21.7679828882 -16.7791158957967 0.0
-21.7679828882 -16.7791158957967 0.0
21.7679828882 16.7791158957967 0.0
-21.7679828882 16.7791158957967 0.0
25.0385105693 -15.5970589252602 0.0
-25.0385105693 -15.5970589252602 0.0
25.0385105693 15.5970589252602 0.0
-25.0385105693 15.5970589252602 0.0
7.16434988149 -19.6765856462416 0.0
-7.16434988149 -19.6765856462416 0.0
7.16434988149 19.6765856462416 0.0
-7.16434988149 19.6765856462416 0.0
33.2486726446 -11.1189676608664 0.0
-33.2486726446 -11.1189676608664 0.0
33.2486726446 11.1189676608664 0.0
-33.2486726446 11.1189676608664 0.0
27.9669282415 -14.2990465131005 0.0
-27.9669282415 -14.2990465131005 0.0
27.9669282415 14.2990465131005 0.0
-27.9669282415 14.2990465131005 0.0
16.6920433436 -18.1753658079677 0.0
-16.6920433436 -18.1753658079677 0.0
16.6920433436 18.1753658079677 0.0
-16.6920433436 18.1753658079677 0.0
34.7373582668 -9.91609727466070 0.0
-34.7373582668 -9.91609727466070 0.0
34.7373582668 9.91609727466070 0.0
-34.7373582668 9.91609727466070 0.0
6.43924033062 -19.7391500827957 0.0
-6.43924033062 -19.7391500827957 0.0
6.43924033062 19.7391500827957 0.0
-6.43924033062 19.7391500827957 0.0
20.971717253 -17.0307594917315 0.0
-20.971717253 -17.0307594917315 0.0
20.971717253 17.0307594917315 0.0
-20.971717253 17.0307594917315 0.0
11.8233255892 -19.1063403875016 0.0
-11.8233255892 -19.1063403875016 0.0
11.8233255892 19.1063403875016 0.0
-11.8233255892 19.1063403875016 0.0
39.7376260067 -2.28697832029963 0.0
-39.7376260067 -2.28697832029963 0.0
39.7376260067 2.28697832029963 0.0
-39.7376260067 2.28697832029963 0.0
29.9704972919 -13.2454642432298 0.0
-29.9704972919 -13.2454642432298 0.0
29.9704972919 13.2454642432298 0.0
-29.9704972919 13.2454642432298 0.0
17.5976064738 -17.9605417957982 0.0
-17.5976064738 -17.9605417957982 0.0
17.5976064738 17.9605417957982 0.0
-17.5976064738 17.9605417957982 0.0
16.9925732203 -18.1056100101210 0.0
-16.9925732203 -18.1056100101210 0.0
16.9925732203 18.1056100101210 0.0
-16.9925732203 18.1056100101210 0.0
23.1922965142 -16.2950712057090 0.0
-23.1922965142 -16.2950712057090 0.0
23.1922965142 16.2950712057090 0.0
-23.1922965142 16.2950712057090 0.0
18.9514264984 -17.6128038204909 0.0
-18.9514264984 -17.6128038204909 0.0
18.9514264984 17.6128038204909 0.0
-18.9514264984 17.6128038204909 0.0
14.0649674575 -18.7228249098535 0.0
-14.0649674575 -18.7228249098535 0.0
14.0649674575 18.7228249098535 0.0
-14.0649674575 18.7228249098535 0.0
18.5588846461 -17.7169960821040 0.0
-18.5588846461 -17.7169960821040 0.0
18.5588846461 17.7169960821040 0.0
-18.5588846461 17.7169960821040 0.0
20.5272668666 -17.1656001569071 0.0
-20.5272668666 -17.1656001569071 0.0
20.5272668666 17.1656001569071 0.0
-20.5272668666 17.1656001569071 0.0
30.2820876202 -13.0670881355058 0.0
-30.2820876202 -13.0670881355058 0.0
30.2820876202 13.0670881355058 0.0
-30.2820876202 13.0670881355058 0.0
34.810529273 -9.85173908163958 0.0
-34.810529273 -9.85173908163958 0.0
34.810529273 9.85173908163958 0.0
-34.810529273 9.85173908163958 0.0
12.2219449909 -19.0435294827296 0.0
-12.2219449909 -19.0435294827296 0.0
12.2219449909 19.0435294827296 0.0
-12.2219449909 19.0435294827296 0.0
29.1067931104 -13.7185512612421 0.0
-29.1067931104 -13.7185512612421 0.0
29.1067931104 13.7185512612421 0.0
-29.1067931104 13.7185512612421 0.0
37.6915477302 -6.69602922823998 0.0
-37.6915477302 -6.69602922823998 0.0
37.6915477302 6.69602922823998 0.0
-37.6915477302 6.69602922823998 0.0
34.4134579585 -10.1945317614557 0.0
-34.4134579585 -10.1945317614557 0.0
34.4134579585 10.1945317614557 0.0
-34.4134579585 10.1945317614557 0.0
23.4272998032 -16.2108113918528 0.0
-23.4272998032 -16.2108113918528 0.0
23.4272998032 16.2108113918528 0.0
-23.4272998032 16.2108113918528 0.0
3.29482499856 -19.9320353214924 0.0
-3.29482499856 -19.9320353214924 0.0
3.29482499856 19.9320353214924 0.0
-3.29482499856 19.9320353214924 0.0
29.4439379781 -13.5374897631011 0.0
-29.4439379781 -13.5374897631011 0.0
29.4439379781 13.5374897631011 0.0
-29.4439379781 13.5374897631011 0.0
18.6241230932 -17.6998731563815 0.0
-18.6241230932 -17.6998731563815 0.0
18.6241230932 17.6998731563815 0.0
-18.6241230932 17.6998731563815 0.0
19.7942839569 -17.3794873531434 0.0
-19.7942839569 -17.3794873531434 0.0
19.7942839569 17.3794873531434 0.0
-19.7942839569 17.3794873531434 0.0
17.6222609119 -17.9544974891707 0.0
-17.6222609119 -17.9544974891707 0.0
17.6222609119 17.9544974891707 0.0
-17.6222609119 17.9544974891707 0.0
26.7040930533 -14.8903610953629 0.0
-26.7040930533 -14.8903610953629 0.0
26.7040930533 14.8903610953629 0.0
-26.7040930533 14.8903610953629 0.0
9.61192782174 -19.4139823551849 0.0
-9.61192782174 -19.4139823551849 0.0
9.61192782174 19.4139823551849 0.0
-9.61192782174 19.4139823551849 0.0
33.5334084137 -10.9031018540657 0.0
-33.5334084137 -10.9031018540657 0.0
33.5334084137 10.9031018540657 0.0
-33.5334084137 10.9031018540657 0.0
31.9593830243 -12.0270303557095 0.0
-31.9593830243 -12.0270303557095 0.0
31.9593830243 12.0270303557095 0.0
-31.9593830243 12.0270303557095 0.0
4.67538344226 -19.8629100943683 0.0
-4.67538344226 -19.8629100943683 0.0
4.67538344226 19.8629100943683 0.0
-4.67538344226 19.8629100943683 0.0
1.85635845309 -19.9784504735330 0.0
-1.85635845309 -19.9784504735330 0.0
1.85635845309 19.9784504735330 0.0
-1.85635845309 19.9784504735330 0.0
38.2181220692 -5.90286255783162 0.0
-38.2181220692 -5.90286255783162 0.0
38.2181220692 5.90286255783162 0.0
-38.2181220692 5.90286255783162 0.0
27.1934549553 -14.6672765671947 0.0
-27.1934549553 -14.6672765671947 0.0
27.1934549553 14.6672765671947 0.0
-27.1934549553 14.6672765671947 0.0
24.6861541367 -15.7368500178782 0.0
-24.6861541367 -15.7368500178782 0.0
24.6861541367 15.7368500178782 0.0
-24.6861541367 15.7368500178782 0.0
8.85983930583 -19.5032256785566 0.0
-8.85983930583 -19.5032256785566 0.0
8.85983930583 19.5032256785566 0.0
-8.85983930583 19.5032256785566 0.0
35.2513612756 -9.45173963108403 0.0
-35.2513612756 -9.45173963108403 0.0
35.2513612756 9.45173963108403 0.0
-35.2513612756 9.45173963108403 0.0
3.97590259669 -19.9009559980272 0.0
-3.97590259669 -19.9009559980272 0.0
3.97590259669 19.9009559980272 0.0
-3.97590259669 19.9009559980272 0.0
24.3822827125 -15.8548438160653 0.0
-24.3822827125 -15.8548438160653 0.0
24.3822827125 15.8548438160653 0.0
-24.3822827125 15.8548438160653 0.0
11.7160428821 -19.1228550377804 0.0
-11.7160428821 -19.1228550377804 0.0
11.7160428821 19.1228550377804 0.0
-11.7160428821 19.1228550377804 0.0
3.17617181675 -19.9368498802500 0.0
-3.17617181675 -19.9368498802500 0.0
3.17617181675 19.9368498802500 0.0
-3.17617181675 19.9368498802500 0.0
8.57260399197 -19.5352915309498 0.0
-8.57260399197 -19.5352915309498 0.0
8.57260399197 19.5352915309498 0.0
-8.57260399197 19.5352915309498 0.0
10.5228989332 -19.2955214884227 0.0
-10.5228989332 -19.2955214884227 0.0
10.5228989332 19.2955214884227 0.0
-10.5228989332 19.2955214884227 0.0
31.0577794967 -12.6037130713061 0.0
-31.0577794967 -12.6037130713061 0.0
31.0577794967 12.6037130713061 0.0
-31.0577794967 12.6037130713061 0.0
19.8859287093 -17.3533126475212 0.0
-19.8859287093 -17.3533126475212 0.0
19.8859287093 17.3533126475212 0.0
-19.8859287093 17.3533126475212 0.0
39.5045503432 -3.13809266041567 0.0
-39.5045503432 -3.13809266041567 0.0
39.5045503432 3.13809266041567 0.0
-39.5045503432 3.13809266041567 0.0
39.4693562834 -3.24691833040946 0.0
-39.4693562834 -3.24691833040946 0.0
39.4693562834 3.24691833040946 0.0
-39.4693562834 3.24691833040946 0.0
36.9075497431 -7.71091388815879 0.0
-36.9075497431 -7.71091388815879 0.0
36.9075497431 7.71091388815879 0.0
-36.9075497431 7.71091388815879 0.0
6.10903516998 -19.7653717982485 0.0
-6.10903516998 -19.7653717982485 0.0
6.10903516998 19.7653717982485 0.0
-6.10903516998 19.7653717982485 0.0
28.6234347891 -13.9704955251575 0.0
-28.6234347891 -13.9704955251575 0.0
28.6234347891 13.9704955251575 0.0
-28.6234347891 13.9704955251575 0.0
22.3195306854 -16.5969767577043 0.0
-22.3195306854 -16.5969767577043 0.0
22.3195306854 16.5969767577043 0.0
-22.3195306854 16.5969767577043 0.0
18.4636973159 -17.7418423608224 0.0
-18.4636973159 -17.7418423608224 0.0
18.4636973159 17.7418423608224 0.0
-18.4636973159 17.7418423608224 0.0
31.2066040196 -12.5114733900666 0.0
-31.2066040196 -12.5114733900666 0.0
31.2066040196 12.5114733900666 0.0
-31.2066040196 12.5114733900666 0.0
0.168074654205 -19.9998234424120 0.0
-0.168074654205 -19.9998234424120 0.0
0.168074654205 19.9998234424120 0.0
-0.168074654205 19.9998234424120 0.0
18.5081458276 -17.7302604184572 0.0
-18.5081458276 -17.7302604184572 0.0
18.5081458276 17.7302604184572 0.0
-18.5081458276 17.7302604184572 0.0
17.5529314246 -17.9714676529337 0.0
-17.5529314246 -17.9714676529337 0.0
17.5529314246 17.9714676529337 0.0
-17.5529314246 17.9714676529337 0.0
16.6175360405 -18.1924262809010 0.0
-16.6175360405 -18.1924262809010 0.0
16.6175360405 18.1924262809010 0.0
-16.6175360405 18.1924262809010 0.0
6.35203386206 -19.7462127116518 0.0
-6.35203386206 -19.7462127116518 0.0
6.35203386206 19.7462127116518 0.0
-6.35203386206 19.7462127116518 0.0
14.3398214693 -18.6706288072263 0.0
-14.3398214693 -18.6706288072263 0.0
14.3398214693 18.6706288072263 0.0
-14.3398214693 18.6706288072263 0.0
12.7535009863 -18.9561877271772 0.0
-12.7535009863 -18.9561877271772 0.0
12.7535009863 18.9561877271772 0.0
-12.7535009863 18.9561877271772 0.0
13.9329492291 -18.7474860033232 0.0
-13.9329492291 -18.7474860033232 0.0
13.9329492291 18.7474860033232 0.0
-13.9329492291 18.7474860033232 0.0
17.3350843913 -18.0242534460368 0.0
-17.3350843913 -18.0242534460368 0.0
17.3350843913 18.0242534460368 0.0
-17.3350843913 18.0242534460368 0.0
32.2055955492 -11.8616990279883 0.0
-32.2055955492 -11.8616990279883 0.0
32.2055955492 11.8616990279883 0.0
-32.2055955492 11.8616990279883 0.0
2.48700505351 -19.9613051042750 0.0
-2.48700505351 -19.9613051042750 0.0
2.48700505351 19.9613051042750 0.0
-2.48700505351 19.9613051042750 0.0
36.6593341689 -8.00145640323641 0.0
-36.6593341689 -8.00145640323641 0.0
36.6593341689 8.00145640323641 0.0
-36.6593341689 8.00145640323641 0.0
38.1315796672 -6.04116363137629 0.0
-38.1315796672 -6.04116363137629 0.0
38.1315796672 6.04116363137629 0.0
-38.1315796672 6.04116363137629 0.0
8.43311856923 -19.5504636210840 0.0
-8.43311856923 -19.5504636210840 0.0
8.43311856923 19.5504636210840 0.0
-8.43311856923 19.5504636210840 0.0
11.5719314115 -19.1447799896370 0.0
-11.5719314115 -19.1447799896370 0.0
11.5719314115 19.1447799896370 0.0
-11.5719314115 19.1447799896370 0.0
35.4576941273 -9.25678031466117 0.0
-35.4576941273 -9.25678031466117 0.0
35.4576941273 9.25678031466117 0.0
-35.4576941273 9.25678031466117 0.0
1.94582855079 -19.9763219290423 0.0
-1.94582855079 -19.9763219290423 0.0
1.94582855079 19.9763219290423 0.0
-1.94582855079 19.9763219290423 0.0
6.35472385235 -19.7459963331836 0.0
-6.35472385235 -19.7459963331836 0.0
6.35472385235 19.7459963331836 0.0
-6.35472385235 19.7459963331836 0.0
14.7989709904 -18.5808399811772 0.0
-14.7989709904 -18.5808399811772 0.0
14.7989709904 18.5808399811772 0.0
-14.7989709904 18.5808399811772 0.0
33.2129657804 -11.1456146540637 0.0
-33.2129657804 -11.1456146540637 0.0
33.2129657804 11.1456146540637 0.0
-33.2129657804 11.1456146540637 0.0
33.685927403 -10.7849234466685 0.0
-33.685927403 -10.7849234466685 0.0
33.685927403 10.7849234466685 0.0
-33.685927403 10.7849234466685 0.0
37.7176249313 -6.65921860175706 0.0
-37.7176249313 -6.65921860175706 0.0
37.7176249313 6.65921860175706 0.0
-37.7176249313 6.65921860175706 0.0
26.4858577677 -14.9874892686182 0.0
-26.4858577677 -14.9874892686182 0.0
26.4858577677 14.9874892686182 0.0
-26.4858577677 14.9874892686182 0.0
18.9095237421 -17.6240596334009 0.0
-18.9095237421 -17.6240596334009 0.0
18.9095237421 17.6240596334009 0.0
-18.9095237421 17.6240596334009 0.0
11.5943246567 -19.1413925548507 0.0
-11.5943246567 -19.1413925548507 0.0
11.5943246567 19.1413925548507 0.0
-11.5943246567 19.1413925548507 0.0
4.50272424721 -19.8728802288041 0.0
-4.50272424721 -19.8728802288041 0.0
4.50272424721 19.8728802288041 0.0
-4.50272424721 19.8728802288041 0.0
35.7961626466 -8.92517142386004 0.0
-35.7961626466 -8.92517142386004 0.0
35.7961626466 8.92517142386004 0.0
-35.7961626466 8.92517142386004 0.0
17.8025206019 -17.9099850657284 0.0
-17.8025206019 -17.9099850657284 0.0
17.8025206019 17.9099850657284 0.0
-17.8025206019 17.9099850657284 0.0
1.33538959839 -19.9888514841430 0.0
-1.33538959839 -19.9888514841430 0.0
1.33538959839 19.9888514841430 0.0
-1.33538959839 19.9888514841430 0.0
28.7869331678 -13.8862565041304 0.0
-28.7869331678 -13.8862565041304 0.0
28.7869331678 13.8862565041304 0.0
-28.7869331678 13.8862565041304 0.0
31.3993884866 -12.3903026866647 0.0
-31.3993884866 -12.3903026866647 0.0
31.3993884866 12.3903026866647 0.0
-31.3993884866 12.3903026866647 0.0
21.1771689036 -16.9670822272731 0.0
-21.1771689036 -16.9670822272731 0.0
21.1771689036 16.9670822272731 0.0
-21.1771689036 16.9670822272731 0.0
33.6105607734 -10.8435488251892 0.0
-33.6105607734 -10.8435488251892 0.0
33.6105607734 10.8435488251892 0.0
-33.6105607734 10.8435488251892 0.0
1.74253235184 -19.9810133689634 0.0
-1.74253235184 -19.9810133689634 0.0
1.74253235184 19.9810133689634 0.0
-1.74253235184 19.9810133689634 0.0
14.8756741849 -18.5655212527558 0.0
-14.8756741849 -18.5655212527558 0.0
14.8756741849 18.5655212527558 0.0
-14.8756741849 18.5655212527558 0.0
4.38306960328 -19.8795667762956 0.0
-4.38306960328 -19.8795667762956 0.0
4.38306960328 19.8795667762956 0.0
-4.38306960328 19.8795667762956 0.0
15.7161117663 -18.3916001951276 0.0
-15.7161117663 -18.3916001951276 0.0
15.7161117663 18.3916001951276 0.0
-15.7161117663 18.3916001951276 0.0
32.2820455029 -11.8096310076772 0.0
-32.2820455029 -11.8096310076772 0.0
32.2820455029 11.8096310076772 0.0
-32.2820455029 11.8096310076772 0.0
29.1423233674 -13.6996805505764 0.0
-29.1423233674 -13.6996805505764 0.0
29.1423233674 13.6996805505764 0.0
-29.1423233674 13.6996805505764 0.0
15.887785813 -18.3546878341814 0.0
-15.887785813 -18.3546878341814 0.0
15.887785813 18.3546878341814 0.0
-15.887785813 18.3546878341814 0.0
35.4949270033 -9.22103786228413 0.0
-35.4949270033 -9.22103786228413 0.0
35.4949270033 9.22103786228413 0.0
-35.4949270033 9.22103786228413 0.0
4.60446906779 -19.8670510179781 0.0
-4.60446906779 -19.8670510179781 0.0
4.60446906779 19.8670510179781 0.0
-4.60446906779 19.8670510179781 0.0
9.70363169944 -19.4025741323264 0.0
-9.70363169944 -19.4025741323264 0.0
9.70363169944 19.4025741323264 0.0
-9.70363169944 19.4025741323264 0.0
5.46124098222 -19.8127159100798 0.0
-5.46124098222 -19.8127159100798 0.0
5.46124098222 19.8127159100798 0.0
-5.46124098222 19.8127159100798 0.0
0.717222347234 -19.9967846921988 0.0
-0.717222347234 -19.9967846921988 0.0
0.717222347234 19.9967846921988 0.0
-0.717222347234 19.9967846921988 0.0
11.5992318018 -19.1406492941631 0.0
-11.5992318018 -19.1406492941631 0.0
11.5992318018 19.1406492941631 0.0
-11.5992318018 19.1406492941631 0.0
32.0652656082 -11.9563658930366 0.0
-32.0652656082 -11.9563658930366 0.0
32.0652656082 11.9563658930366 0.0
-32.0652656082 11.9563658930366 0.0
1.15929488863 -19.9915984563592 0.0
-1.15929488863 -19.9915984563592 0.0
1.15929488863 19.9915984563592 0.0
-1.15929488863 19.9915984563592 0.0
21.9158800472 -16.7309160071652 0.0
-21.9158800472 -16.7309160071652 0.0
21.9158800472 16.7309160071652 0.0
-21.9158800472 16.7309160071652 0.0
13.432351896 -18.8386034682925 0.0
-13.432351896 -18.8386034682925 0.0
13.432351896 18.8386034682925 0.0
-13.432351896 18.8386034682925 0.0
18.1100394761 -17.8327400458621 0.0
-18.1100394761 -17.8327400458621 0.0
18.1100394761 17.8327400458621 0.0
-18.1100394761 17.8327400458621 0.0
32.0929052952 -11.9378120871618 0.0
-32.0929052952 -11.9378120871618 0.0
32.0929052952 11.9378120871618 0.0
-32.0929052952 11.9378120871618 0.0
15.1463064944 -18.5107360711175 0.0
-15.1463064944 -18.5107360711175 0.0
15.1463064944 18.5107360711175 0.0
-15.1463064944 18.5107360711175 0.0
6.89531258353 -19.7006006531238 0.0
-6.89531258353 -19.7006006531238 0.0
6.89531258353 19.7006006531238 0.0
-6.89531258353 19.7006006531238 0.0
4.45901404538 -19.8753439828289 0.0
-4.45901404538 -19.8753439828289 0.0
4.45901404538 19.8753439828289 0.0
-4.45901404538 19.8753439828289 0.0
27.3087301295 -14.6136345471648 0.0
-27.3087301295 -14.6136345471648 0.0
27.3087301295 14.6136345471648 0.0
-27.3087301295 14.6136345471648 0.0
5.59063113769 -19.8036918495158 0.0
-5.59063113769 -19.8036918495158 0.0
5.59063113769 19.8036918495158 0.0
-5.59063113769 19.8036918495158 0.0
18.8358448622 -17.6437733232391 0.0
-18.8358448622 -17.6437733232391 0.0
18.8358448622 17.6437733232391 0.0
-18.8358448622 17.6437733232391 0.0
14.8592183033 -18.5688154671608 0.0
-14.8592183033 -18.5688154671608 0.0
14.8592183033 18.5688154671608 0.0
-14.8592183033 18.5688154671608 0.0
3.66223176214 -19.9159989613900 0.0
-3.66223176214 -19.9159989613900 0.0
3.66223176214 19.9159989613900 0.0
-3.66223176214 19.9159989613900 0.0
24.0644062369 -15.9757969477598 0.0
-24.0644062369 -15.9757969477598 0.0
24.0644062369 15.9757969477598 0.0
-24.0644062369 15.9757969477598 0.0
38.7741209655 -4.91343930844916 0.0
-38.7741209655 -4.91343930844916 0.0
38.7741209655 4.91343930844916 0.0
-38.7741209655 4.91343930844916 0.0
12.2742040143 -19.0351248736031 0.0
-12.2742040143 -19.0351248736031 0.0
12.2742040143 19.0351248736031 0.0
-12.2742040143 19.0351248736031 0.0
30.3015179627 -13.0558225435623 0.0
-30.3015179627 -13.0558225435623 0.0
30.3015179627 13.0558225435623 0.0
-30.3015179627 13.0558225435623 0.0
38.0855121548 -6.11338212260109 0.0
-38.0855121548 -6.11338212260109 0.0
38.0855121548 6.11338212260109 0.0
-38.0855121548 6.11338212260109 0.0
17.1423734709 -18.0702727690048 0.0
-17.1423734709 -18.0702727690048 0.0
17.1423734709 18.0702727690048 0.0
-17.1423734709 18.0702727690048 0.0
8.48891603273 -19.5444257052319 0.0
-8.48891603273 -19.5444257052319 0.0
8.48891603273 19.5444257052319 0.0
-8.48891603273 19.5444257052319 0.0
16.6012326544 -18.1961470808724 0.0
-16.6012326544 -18.1961470808724 0.0
16.6012326544 18.1961470808724 0.0
-16.6012326544 18.1961470808724 0.0
11.8693955824 -19.0991979445961 0.0
-11.8693955824 -19.0991979445961 0.0
11.8693955824 19.0991979445961 0.0
-11.8693955824 19.0991979445961 0.0
16.9177926611 -18.1231088080701 0.0
-16.9177926611 -18.1231088080701 0.0
16.9177926611 18.1231088080701 0.0
-16.9177926611 18.1231088080701 0.0
15.4705533746 -18.4435759702674 0.0
-15.4705533746 -18.4435759702674 0.0
15.4705533746 18.4435759702674 0.0
-15.4705533746 18.4435759702674 0.0
37.1517098666 -7.41199119649402 0.0
-37.1517098666 -7.41199119649402 0.0
37.1517098666 7.41199119649402 0.0
-37.1517098666 7.41199119649402 0.0
14.2874291804 -18.6806675965853 0.0
-14.2874291804 -18.6806675965853 0.0
14.2874291804 18.6806675965853 0.0
-14.2874291804 18.6806675965853 0.0
30.6697822474 -12.8390464686663 0.0
-30.6697822474 -12.8390464686663 0.0
30.6697822474 12.8390464686663 0.0
-30.6697822474 12.8390464686663 0.0
19.1235440146 -17.5662322676438 0.0
-19.1235440146 -17.5662322676438 0.0
19.1235440146 17.5662322676438 0.0
-19.1235440146 17.5662322676438 0.0
14.6975621695 -18.6009520339237 0.0
-14.6975621695 -18.6009520339237 0.0
14.6975621695 18.6009520339237 0.0
-14.6975621695 18.6009520339237 0.0
20.8376443463 -17.0718524045908 0.0
-20.8376443463 -17.0718524045908 0.0
20.8376443463 17.0718524045908 0.0
-20.8376443463 17.0718524045908 0.0
36.1927024541 -8.51598921250391 0.0
-36.1927024541 -8.51598921250391 0.0
36.1927024541 8.51598921250391 0.0
-36.1927024541 8.51598921250391 0.0
18.6126845747 -17.7028809302489 0.0
-18.6126845747 -17.7028809302489 0.0
18.6126845747 17.7028809302489 0.0
-18.6126845747 17.7028809302489 0.0
11.9740769059 -19.0828554090541 0.0
-11.9740769059 -19.0828554090541 0.0
11.9740769059 19.0828554090541 0.0
-11.9740769059 19.0828554090541 0.0
12.3269866426 -19.0265958615366 0.0
-12.3269866426 -19.0265958615366 0.0
12.3269866426 19.0265958615366 0.0
-12.3269866426 19.0265958615366 0.0
31.2420448499 -12.4893417920508 0.0
-31.2420448499 -12.4893417920508 0.0
31.2420448499 12.4893417920508 0.0
-31.2420448499 12.4893417920508 0.0
27.2918110476 -14.6215342025317 0.0
-27.2918110476 -14.6215342025317 0.0
27.2918110476 14.6215342025317 0.0
-27.2918110476 14.6215342025317 0.0
37.9806766045 -6.27431678875676 0.0
-37.9806766045 -6.27431678875676 0.0
37.9806766045 6.27431678875676 0.0
-37.9806766045 6.27431678875676 0.0
32.8493807342 -11.4118160844228 0.0
-32.8493807342 -11.4118160844228 0.0
32.8493807342 11.4118160844228 0.0
-32.8493807342 11.4118160844228 0.0
35.6669137008 -9.05360794188837 0.0
-35.6669137008 -9.05360794188837 0.0
35.6669137008 9.05360794188837 0.0
-35.6669137008 9.05360794188837 0.0
11.2993530743 -19.1854412257147 0.0
-11.2993530743 -19.1854412257147 0.0
11.2993530743 19.1854412257147 0.0
-11.2993530743 19.1854412257147 0.0
32.0104968005 -11.9929989429925 0.0
-32.0104968005 -11.9929989429925 0.0
32.0104968005 11.9929989429925 0.0
-32.0104968005 11.9929989429925 0.0
7.38418743403 -19.6562571204385 0.0
-7.38418743403 -19.6562571204385 0.0
7.38418743403 19.6562571204385 0.0
-7.38418743403 19.6562571204385 0.0
21.1953220835 -16.9614144588194 0.0
-21.1953220835 -16.9614144588194 0.0
21.1953220835 16.9614144588194 0.0
-21.1953220835 16.9614144588194 0.0
21.5075193216 -16.8628779619045 0.0
-21.5075193216 -16.8628779619045 0.0
21.5075193216 16.8628779619045 0.0
-21.5075193216 16.8628779619045 0.0
3.58661924672 -19.9194387620426 0.0
-3.58661924672 -19.9194387620426 0.0
3.58661924672 19.9194387620426 0.0
-3.58661924672 19.9194387620426 0.0
0.321374895618 -19.9993544781855 0.0
-0.321374895618 -19.9993544781855 0.0
0.321374895618 19.9993544781855 0.0
-0.321374895618 19.9993544781855 0.0
39.2013268718 -3.97668113801017 0.0
-39.2013268718 -3.97668113801017 0.0
39.2013268718 3.97668113801017 0.0
-39.2013268718 3.97668113801017 0.0
19.4357273768 -17.4803639931767 0.0
-19.4357273768 -17.4803639931767 0.0
19.4357273768 17.4803639931767 0.0
-19.4357273768 17.4803639931767 0.0
28.2853279091 -14.1416072731751 0.0
-28.2853279091 -14.1416072731751 0.0
28.2853279091 14.1416072731751 0.0
-28.2853279091 14.1416072731751 0.0
12.0317327871 -19.0737870265680 0.0
-12.0317327871 -19.0737870265680 0.0
12.0317327871 19.0737870265680 0.0
-12.0317327871 19.0737870265680 0.0
22.6545752996 -16.4830990562640 0.0
-22.6545752996 -16.4830990562640 0.0
22.6545752996 16.4830990562640 0.0
-22.6545752996 16.4830990562640 0.0
18.5225796071 -17.7264917898316 0.0
-18.5225796071 -17.7264917898316 0.0
18.5225796071 17.7264917898316 0.0
-18.5225796071 17.7264917898316 0.0
2.83810413701 -19.9495937609483 0.0
-2.83810413701 -19.9495937609483 0.0
2.83810413701 19.9495937609483 0.0
-2.83810413701 19.9495937609483 0.0
36.0574461002 -8.65824146018794 0.0
-36.0574461002 -8.65824146018794 0.0
36.0574461002 8.65824146018794 0.0
-36.0574461002 8.65824146018794 0.0
32.3873067178 -11.7373587698148 0.0
-32.3873067178 -11.7373587698148 0.0
32.3873067178 11.7373587698148 0.0
-32.3873067178 11.7373587698148 0.0
7.81533813837 -19.6145385478660 0.0
-7.81533813837 -19.6145385478660 0.0
7.81533813837 19.6145385478660 0.0
-7.81533813837 19.6145385478660 0.0
27.2449323798 -14.6433744370847 0.0
-27.2449323798 -14.6433744370847 0.0
27.2449323798 14.6433744370847 0.0
-27.2449323798 14.6433744370847 0.0
0.243572002416 -19.9996292008104 0.0
-0.243572002416 -19.9996292008104 0.0
0.243572002416 19.9996292008104 0.0
-0.243572002416 19.9996292008104 0.0
34.2896177049 -10.2983265345886 0.0
-34.2896177049 -10.2983265345886 0.0
34.2896177049 10.2983265345886 0.0
-34.2896177049 10.2983265345886 0.0
34.2805214915 -10.3058945059854 0.0
-34.2805214915 -10.3058945059854 0.0
34.2805214915 10.3058945059854 0.0
-34.2805214915 10.3058945059854 0.0
1.41907237028 -19.9874099973452 0.0
-1.41907237028 -19.9874099973452 0.0
1.41907237028 19.9874099973452 0.0
-1.41907237028 19.9874099973452 0.0
39.579487914 -2.89240974219117 0.0
-39.579487914 -2.89240974219117 0.0
39.579487914 2.89240974219117 0.0
-39.579487914 2.89240974219117 0.0
12.7754999488 -18.9524840130364 0.0
-12.7754999488 -18.9524840130364 0.0
12.7754999488 18.9524840130364 0.0
-12.7754999488 18.9524840130364 0.0
12.5827761025 -18.9846895257287 0.0
-12.5827761025 -18.9846895257287 0.0
12.5827761025 18.9846895257287 0.0
-12.5827761025 18.9846895257287 0.0
32.1590164401 -11.8932508340236 0.0
-32.1590164401 -11.8932508340236 0.0
32.1590164401 11.8932508340236 0.0
-32.1590164401 11.8932508340236 0.0
24.3700380846 -15.8595495187724 0.0
-24.3700380846 -15.8595495187724 0.0
24.3700380846 15.8595495187724 0.0
-24.3700380846 15.8595495187724 0.0
0.595294789501 -19.9977850280574 0.0
-0.595294789501 -19.9977850280574 0.0
0.595294789501 19.9977850280574 0.0
-0.595294789501 19.9977850280574 0.0
7.64691505927 -19.6311276425755 0.0
-7.64691505927 -19.6311276425755 0.0
7.64691505927 19.6311276425755 0.0
-7.64691505927 19.6311276425755 0.0
26.262726072 -15.0853340969718 0.0
-26.262726072 -15.0853340969718 0.0
26.262726072 15.0853340969718 0.0
-26.262726072 15.0853340969718 0.0
34.9745892685 -9.70538646191124 0.0
-34.9745892685 -9.70538646191124 0.0
34.9745892685 9.70538646191124 0.0
-34.9745892685 9.70538646191124 0.0
4.02605985417 -19.8984348759559 0.0
-4.02605985417 -19.8984348759559 0.0
4.02605985417 19.8984348759559 0.0
-4.02605985417 19.8984348759559 0.0
