-32.3238318513 14.1366562866 1.40943073117
-32.5833115097 -9.85661205055 1.4124488581
-40.4184102303 2.90544281652 1.47762220477
-40.4331008052 1.54705154371 1.47779307759
-40.4366838319 2.62280522726 1.47778520733
-40.4452575739 1.83001825992 1.47788493246
-33.9982824978 12.9580927527 1.42349656253
-34.2318818777 -8.64210758763 1.42621366408
-28.5723526784 16.2454362597 1.37793602952
-28.8783160975 -12.0460393089 1.3814948304
-35.1910132605 11.9888729879 1.43352038616
-35.4033724858 -7.64731702089 1.43599043372
-39.1532823184 7.1582634567 1.46687639677
-39.2602438994 -2.7321377047 1.46812051598
-40.1186314526 4.68264111908 1.47504883364
-40.1718273355 -0.236214953694 1.47566757936
-22.8905916787 18.5330291592 1.33026799062
-23.2473575301 -14.4559876341 1.3344176979
-26.7282935548 17.0864792957 1.36246153029
-27.0528774231 -12.9267706765 1.36623691416
-32.7753777683 13.8365893307 1.41322321196
-33.0282623048 -9.54684881992 1.41616462801
-25.9797285358 17.3985758815 1.35618094774
-26.3112371646 -13.2549849342 1.36003687667
-37.6744427183 9.41588345503 1.45441090609
-37.830575406 -5.02121536834 1.456226957
-40.122172667 4.66894910016 1.47507897515
-40.1750716065 -0.222449544737 1.47569426698
-40.2581560222 4.07041504051 1.4762389771
-40.2980787523 0.378885688657 1.47670333669
-39.8523693594 5.55642814331 1.47278799215
-39.9245247776 -1.11555655931 1.47362726492
-21.5713481636 18.950709512 1.31920398271
-21.9374557067 -14.9021041376 1.32346234749
-39.1140206317 7.23258785824 1.46654494408
-39.2225987985 -2.80729391 1.46780786654
-26.4527087844 17.2032249858 1.3601492641
-26.7798819554 -13.0494496675 1.36395476533
-38.9487553042 7.5334228583 1.46515017418
-39.0638782393 -3.11163305695 1.46648922185
-26.6555686109 17.1175007491 1.36185133149
-26.9808403864 -12.9593578378 1.36563471672
-39.409137969 6.6418355206 1.46903749583
-39.5048709974 -2.21029667765 1.4701510106
-40.0666674814 4.87559620527 1.47460681593
-40.1240485284 -0.43024883177 1.47527424121
-40.4435944847 2.45944205035 1.47784883979
-40.4486335806 1.99349269466 1.47790745182
-39.7066279438 5.94901466646 1.47155351364
-39.7873078591 -1.51120348603 1.47249193874
-28.6246138342 16.2199761475 1.3783746384
-28.9300144071 -12.0194547983 1.38192689256
-28.4283963801 16.3150781372 1.37672787387
-28.7358996059 -12.1187785199 1.38030458495
-40.4306859943 2.73016894574 1.47773119202
-40.4415830774 1.722549928 1.47785794099
-40.3217393676 3.71412710795 1.47678406401
-40.353941842 0.736465522721 1.47715862576
-22.3584339434 18.7059631 1.32580482364
-22.719064287 -14.6403911363 1.3299994806
-30.5248183228 15.2247503958 1.39432481126
-30.8082508283 -10.9833624147 1.39762154475
-39.8784676701 5.48110279632 1.47300923047
-39.9489879343 -1.03968435267 1.47382948401
-32.3697535635 14.1066826254 1.40981640309
-32.6285742447 -9.82565216219 1.41282686516
-22.946268159 18.5145789131 1.33073495766
-23.3026219666 -14.4363374801 1.33487987226
-16.7650954853 20.1880505418 1.27890572991
-17.1590870392 -16.2431099332 1.28348842641
-34.3385821382 12.6941788647 1.4263560291
-34.5663942946 -8.3708951084 1.42900581679
-25.5022596316 17.589562099 1.35217519042
-25.8380103741 -13.4562536285 1.35608046132
-22.4425146353 18.6790466576 1.32650998776
-22.802543194 -14.6116624129 1.33069764508
-39.9412950808 5.29219493971 1.47354209221
-40.0077151687 -0.849461792708 1.47431465472
-37.7804351174 9.28050970328 1.45530341035
-37.9336153056 -4.88358077774 1.45708511939
-19.0717773797 19.6464958246 1.29824437216
-19.4535172587 -15.6517907869 1.30268456381
-34.6321141776 12.4587988439 1.42882278972
-34.8547671474 -8.12922135591 1.43141256854
-35.7934410859 11.4461609469 1.43858511978
-35.9939222496 -7.09170204525 1.44091700816
-32.7309183892 13.8666723037 1.41284978394
-32.9844639249 -9.57788636586 1.41579888837
-40.016539085 5.04946768117 1.47418084402
-40.0776921485 -0.605163861859 1.47489214335
-39.8954990237 5.43099156324 1.4731536408
-39.9649315563 -0.98921647085 1.47396124244
-21.3495309583 19.017375638 1.31734380921
-21.7171321644 -14.9735523426 1.32161954747
-36.6989763032 10.5439247671 1.44620118362
-36.8797331336 -6.17009113299 1.44830364923
-38.3089631534 8.55625158547 1.45975559028
-38.4463562976 -4.14806056558 1.46135367297
-31.7637722123 14.4928534085 1.40472741916
-32.0310862932 -10.2248393555 1.40783667186
-35.0293340128 12.127914893 1.43216134853
-35.2447380937 -7.78982335474 1.4346668122
-24.1770985189 18.0887502502 1.3410587497
-24.5239550935 -13.9839868561 1.34509319763
-24.6456134901 17.9172778962 1.34498882638
-24.9886520687 -13.802421125 1.34897886545
-39.0315404278 7.38505251499 1.46584876397
-39.1434352166 -2.9615068638 1.46715026359
-39.4163461874 6.62637165693 1.46909841265
-39.5117430951 -2.19468052496 1.47020801785
-25.3759040819 17.6390880079 1.35111515786
-25.7127554692 -13.5085008904 1.35503323087
-33.288995398 13.4800360764 1.41753756229
-33.5340486732 -9.17926995777 1.42038788935
-25.5175529539 17.5835392782 1.35230349145
-25.8531698645 -13.449901438 1.35620720569
-28.3665457964 16.3447810457 1.3762087995
-28.6747058698 -12.1498122436 1.37979315068
-23.9191240319 18.1809103183 1.33889484383
-24.2680340806 -14.081705084 1.34295317666
-16.2078278658 20.3054734292 1.27423421022
-16.6044892565 -16.372558467 1.27884796081
-38.8297463378 7.73927884981 1.46414616804
-38.9493491252 -3.32001493546 1.46553732293
-33.4151574768 13.3898066723 1.41859740771
-33.6582298643 -9.08633290614 1.42142469415
-37.3804679855 9.77680836331 1.45193601696
-37.5444751028 -5.38841421699 1.45384365898
-30.7674736395 15.0870451802 1.39636201544
-31.0478712564 -10.8404410304 1.39962344875
-34.1574862081 12.8357817882 1.42483427721
-34.3884031487 -8.51638182409 1.42752017807
-40.3424409337 3.57930509745 1.47696219701
-40.3717227915 0.871703750084 1.47730278773
-30.7189623933 15.1147843634 1.39595473361
-30.9999712685 -10.8692229723 1.39922327674
-19.1473648291 19.6271760238 1.29887813379
-19.5286692011 -15.6308406281 1.30331325985
-39.0114260722 7.42151620778 1.46567901257
-39.1241141605 -2.99839707972 1.46698973942
-30.3758452372 15.3080137518 1.39307415796
-30.6611133124 -11.0698284257 1.3963922418
-40.172318509 4.46633607617 1.47550610523
-40.220823839 -0.0187993121659 1.47607029298
-37.2048045809 9.98319214671 1.45045748401
-37.3733162171 -5.59854913986 1.45241752015
-21.2251280213 19.0543292578 1.31630057342
-21.5935575167 -15.0131880233 1.32058594589
-17.3356482272 20.062542159 1.28368880361
-17.7267919729 -16.1052904521 1.28823837595
-14.5976729642 20.6169831408 1.26073741773
-15.001447958 -16.718821271 1.2654339099
-28.2860966147 16.3832209932 1.37553364526
-28.5951068406 -12.1899832309 1.37912788495
-28.0033301507 16.5166096269 1.37316064289
-28.3152912935 -12.329456605 1.37678920604
-40.0464832328 4.94692258136 1.47443525155
-40.1054115654 -0.501995087967 1.47512067402
-19.6919954355 19.4848928548 1.30344468779
-20.0700952772 -15.4768109531 1.30784254049
-29.4037791641 15.8287673306 1.38491429903
-29.7005368709 -11.6114849622 1.38836602405
-33.0142578589 13.672859019 1.41522971321
-33.2635455494 -9.37799008123 1.41812929269
-26.4511637246 17.2038733699 1.36013630064
-26.7783512795 -13.050131318 1.36394196918
-40.3541173971 3.49741348247 1.47706287662
-40.3816254667 0.953828759393 1.47738283559
-29.0851005768 15.9914534309 1.38223948368
-29.3854512124 -11.7810256914 1.3857329997
-39.1797647334 7.10745801181 1.46709998874
-39.2856213586 -2.68077135692 1.46833125571
-25.63605261 17.5366617186 1.35329763386
-25.9706279888 -13.4004718205 1.35718923357
-17.7552657955 19.9667561225 1.28720667588
-18.1442398389 -16.0004509341 1.29173101141
-37.1356476098 10.0626918013 1.44987546167
-37.3058947491 -5.67952599122 1.45185568424
-18.441161151 19.803695023 1.2929571219
-18.8264482598 -15.8225927808 1.297438573
-40.4441943168 2.44138519242 1.47785449949
-40.4488427595 2.01155830264 1.47790856766
-23.5505566007 18.3098672706 1.33580337305
-23.9023417927 -14.2186035979 1.33989514799
-36.7266130101 10.5144622736 1.44643369181
-36.9067261953 -6.14003777821 1.44852867089
-33.8570030196 13.0649876138 1.42230951478
-34.0929472444 -8.75203317156 1.42505389029
-40.3641753858 3.42272940066 1.47714974692
-40.3900659219 1.02871291555 1.47745089162
-38.624916139 8.07545000729 1.462418779
-38.7518371589 -3.66053772091 1.46389505561
-20.4005495707 19.2915248368 1.30938597918
-20.7743017348 -15.2681628848 1.31373326205
-34.5318783015 12.5400153657 1.42798040611
-34.7563111743 -8.21258687695 1.43059088781
-36.1257531088 11.1283268053 1.44137958486
-36.3192827925 -6.7667546886 1.44363061739
-28.0679165937 16.4863763425 1.37370265007
-28.3792087786 -12.2978334556 1.37732343227
-36.0207692441 11.2302767337 1.44049670449
-36.2165283396 -6.87095146048 1.44277366833
-38.4341710409 8.37065319516 1.46081080205
-38.5675209907 -3.95979747365 1.46236185649
-37.6930784182 9.39229409438 1.45456781969
-37.8486965834 -4.99722845489 1.45637788596
-38.7156812693 7.92912494136 1.46318413318
-38.8394165091 -3.51228372757 1.46462335451
-40.2521418728 4.10076992076 1.47618753683
-40.2927224899 0.348407829001 1.47665954861
-32.0428302621 14.3174983008 1.40707083952
-32.3062866913 -10.0434895329 1.4101352221
-21.0917904419 19.093592692 1.31518242436
-21.4611002704 -15.0553262251 1.31947803639
-35.4340785646 11.7747503759 1.43556371502
-35.6417501384 -7.42798724736 1.43797923836
-18.5250025796 19.7832014862 1.2936600559
-18.9098268666 -15.8002906357 1.29813612371
-32.6876840549 13.8958112582 1.4124866495
-32.9418698871 -9.60795361767 1.41544320151
-33.0733012227 13.6318346913 1.41572567441
-33.3216878756 -9.33569830366 1.41861477351
-38.7338736363 7.8993047739 1.46333755306
-38.8569597047 -3.48207705358 1.46476922358
-37.9996724583 8.99066728284 1.45714983481
-38.1465329884 -4.58906428122 1.458858037
-35.8594881836 11.3841070977 1.43914048113
-36.0586118694 -7.02823418182 1.44145658006
-17.5835769137 20.0063077926 1.28576730602
-17.9734464946 -16.0437068027 1.29030205796
-40.4465962126 2.35568424856 1.47787763426
-40.4493906527 2.09729115065 1.47791013768
-40.1846506705 4.41371962192 1.47561124578
-40.2320151881 0.0340715662446 1.47616216421
-38.8372968582 7.72646312681 1.46420985856
-38.9566207159 -3.30703890037 1.46559776909
-38.6199004268 8.0834204875 1.46237648934
-38.7469949962 -3.66861482132 1.46385478457
-32.6536878722 13.9186447566 1.41220111106
-32.908375473 -9.63151707676 1.41516349937
-40.1338768738 4.623152055 1.47517861615
-40.1857826301 -0.176410062288 1.47578235581
-30.2684029955 15.3674743083 1.39217218364
-30.5549821467 -11.1315989366 1.39550551721
-28.9486475618 16.0599647056 1.38109421145
-29.2505117977 -11.8524722758 1.38460533285
-28.6766831833 16.1945145339 1.37881164086
-28.9815209223 -11.9928729351 1.38235734844
-38.1882811331 8.72961230683 1.45873871574
-38.329451751 -4.3239909613 1.46038073596
-22.895296697 18.5314726414 1.33030745223
-23.2520277854 -14.4543297159 1.33445675516
-39.0368951987 7.37529912907 1.4658939562
-39.1485778 -2.95163994123 1.46719298776
-32.7414077487 13.85958564 1.41293788692
-32.9947975688 -9.57057448602 1.41588518015
-38.4596905375 8.33206216155 1.46102589902
-38.5921999158 -3.920663507 1.46256717639
-31.5067364374 14.6507894356 1.40256905934
-31.7775262992 -10.3882978533 1.40571874044
-40.3662853695 3.40650929561 1.4771679902
-40.3918246224 1.04497486329 1.47746504897
-33.2799626216 13.4864548763 1.41746168241
-33.525156828 -9.18588262572 1.42031364871
-38.1479692958 8.78638657856 1.45839908552
-38.2903771913 -4.38162385561 1.46005549707
-26.2609672784 17.2831725267 1.35854052141
-26.5899143125 -13.133525675 1.36236665526
-36.9036198899 10.322673803 1.44792296308
-37.0795438924 -5.94446569614 1.44996921585
-37.468095042 9.67134602965 1.45267364938
-37.6298008452 -5.28108127094 1.45455452376
-33.0086199692 13.6767646418 1.41518235564
-33.2579934447 -9.3820167321 1.41808293293
-29.7860420999 15.6285081685 1.38812298699
-30.0783794182 -11.4030046973 1.39152329644
-25.7554209826 17.4890619441 1.35429907762
-26.0889390071 -13.3503013677 1.35817837876
-36.7092075369 10.5330324211 1.44628725868
-36.889726407 -6.15898004402 1.44838695647
-33.4589105731 13.3582606264 1.41896497179
-33.701290485 -9.0538479057 1.42178420374
-36.014713423 11.2361131434 1.44044577855
-36.2106001582 -6.87691748605 1.44272422703
-13.387563446 20.8249062718 1.2505948457
-13.7961182175 -16.9528691634 1.25534693366
-25.7699534666 17.4832408016 1.35442099916
-26.1033421989 -13.3441672644 1.35829879644
-11.2600202192 21.1384601112 1.23276460459
-11.6758538243 -17.3123661826 1.23760135601
-38.6653553674 8.01075210393 1.4627597552
-38.7908677168 -3.59498029305 1.46421964691
-34.4897598636 12.5738794907 1.42762645145
-34.7149349624 -8.24735405839 1.43024556632
-20.5696986646 19.2439503562 1.3108043596
-20.9423823772 -15.2169410153 1.31513921482
-37.7515977583 9.31763388631 1.45506057634
-37.9055875707 -4.92131999881 1.45685170249
-15.5942092977 20.4289892715 1.26909050962
-15.9936854777 -16.5093173421 1.27373700032
-39.7111631859 5.93743006496 1.4715919064
-39.7915915021 -1.49952350177 1.47252740504
-28.5804418757 16.2415016625 1.37800391899
-28.8863183097 -12.0419306713 1.38156170811
-40.4432680893 2.46887676781 1.47784577385
-40.4485113047 1.98405312449 1.47790676009
-32.0664086703 14.3024912594 1.40726884849
-32.3295350293 -10.0279760257 1.41032939188
-22.6448215485 18.6136599839 1.3282067081
-23.0033886783 -14.541915348 1.33237736687
-12.8248953279 20.9141802195 1.24587908542
-13.2355124269 -17.0542921488 1.25065516126
-35.9686228314 11.2803777355 1.44005818897
-36.1654776509 -6.92216861524 1.44234789768
-39.1982940539 7.07157740748 1.46725644417
-39.3033703607 -2.64449837571 1.4684786349
-26.5283720683 17.1713894949 1.36078410158
-26.8548390397 -13.015985106 1.36458138868
-40.2080229934 4.31047943627 1.47581063558
-40.2531492848 0.13779312172 1.47633552018
-17.6287120738 19.9959586153 1.28614569917
-18.0183472772 -16.0323838201 1.29067772495
-19.7566417053 19.4676415056 1.30398673892
-20.1343533334 -15.4581654083 1.30838007613
-36.2016297349 11.0537182189 1.44201771533
-36.3935281222 -6.6905224223 1.4442497735
-40.3293319883 3.66605404496 1.47684934864
-40.3604930183 0.784691561339 1.47721179687
-38.9040491645 7.61173996384 1.46477298098
-39.0208763085 -3.19089879012 1.46613185108
-20.4195345898 19.2862126094 1.30954517493
-20.7931674264 -15.2624412741 1.31389106984
-30.1188014344 15.4494563146 1.39091631167
-30.4071885908 -11.216797491 1.39427067498
-33.1527536431 13.5762743093 1.41639308314
-33.3999201157 -9.27843244548 1.41926798977
-30.8344023892 15.0486005605 1.39692392971
-31.1139529151 -10.8005578048 1.40017551011
-39.9177908235 5.3641951834 1.47334269743
-39.9857735471 -0.921953567176 1.47413343567
-40.4100608576 3.00503641281 1.47754876783
-40.4269072803 1.44730065523 1.4777447163
-13.1016162289 20.8708545888 1.24819828196
-13.5112316035 -17.0049914703 1.25296270629
-34.6891125056 12.4122171436 1.42930181844
-34.9107447277 -8.08141773769 1.43187972449
-40.3097471809 3.78721487487 1.47668105007
-40.3435331181 0.663135473393 1.47707402981
-37.8088194542 9.24374961155 1.45554243727
-37.9611979984 -4.84621536121 1.45731482201
-30.7086282539 15.1206798913 1.39586797261
-30.989767048 -10.8753406378 1.39913802689
-34.2578344594 12.7576486072 1.42567749344
-34.4870381536 -8.43609649203 1.42834346675
-35.6862541445 11.5457413145 1.43768387102
-35.8889139892 -7.19357746084 1.44004110063
-18.3520682495 19.8253370179 1.29221016383
-18.737844246 -15.8461566992 1.29669730141
-35.9263138084 11.3207701121 1.43970240819
-36.124052084 -6.96346664336 1.44200239278
-19.9714312685 19.4097634502 1.30578774308
-20.3478409355 -15.3956552188 1.31016593658
-40.2251992127 4.23134532349 1.4759572812
-40.2686100655 0.217280227788 1.47646221274
-40.440583976 2.53849832297 1.47782084157
-40.4473335136 1.91438979998 1.47789934853
-24.0060419687 18.1500357145 1.33962391062
-24.3542639662 -14.0489577585 1.34367424041
-34.0862758938 12.89073718 1.42423592139
-34.3183980028 -8.57286456547 1.42693584012
-39.8921757447 5.44083093315 1.47312546027
-39.9618218492 -0.999125418261 1.47393554606
-38.7041478167 -3.73956177407 1.463498417
-38.5755289112 8.15342410558 1.46200239151
-40.0212235443 -0.803920780748 1.47442619027
-39.955785205 5.24695675223 1.47366504693
-29.8538670559 -11.5275753411 1.38964728361
-29.5588881837 15.7481937076 1.38621624903
-12.1672767316 -17.2348236483 1.2417145293
-11.7530051777 21.0715646758 1.23689594682
-15.0695431731 -16.7049357454 1.26600375121
-14.6660525512 20.6045736911 1.2613105667
-19.8625442372 -15.5365036942 1.3061063024
-19.4832019784 19.5400825223 1.30169399857
-25.5950848732 -13.5572010509 1.35404939775
-25.2572077795 17.6852316857 1.35011939428
-31.5195845304 -10.551150118 1.4035640882
-31.2453330237 14.8080245981 1.40037414312
-34.391482534 -8.5138878199 1.42754588159
-34.1606188105 12.8333549713 1.42486059972
-29.63785465 -11.6455200028 1.38784222869
-29.3403755348 15.8614386596 1.38438211264
-18.9446054367 -15.7909512844 1.29842708214
-18.5599749953 19.7746165434 1.29395326904
-19.0554133937 -15.7610503755 1.29935409932
-18.6714036955 19.7471192882 1.29488750636
-17.2411126023 -16.2235317123 1.28417474064
-16.8475252769 20.1702510271 1.27959674591
-35.3189431717 -7.72349581364 1.43528597995
-35.1049561886 12.0632078444 1.43279699919
-17.2768927739 -16.2149563249 1.28447411487
-16.8834825377 20.1624515331 1.27989817994
-31.3459202169 -10.658910053 1.40211336034
-31.069378825 14.9120031504 1.39889678055
-17.8133736452 -16.0837917219 1.28896278217
-17.4226745968 20.0429211281 1.28441838231
-25.240550804 -13.7017202274 1.35108509287
-24.8996311461 17.8220488585 1.34711969994
-24.3590135145 -14.0471488029 1.34371395647
-24.010829528 18.1483299098 1.33966406881
-15.9361806727 -16.521883585 1.27325581235
-15.5364461755 20.4403088065 1.26860631704
-12.2688478795 -17.2183671308 1.24256465715
-11.8549084696 21.0573088848 1.23774993799
-31.7933701351 -10.3781833601 1.40585108405
-31.5227953118 14.6410199938 1.40270390416
-28.4331655066 -12.2710300531 1.37777440206
-28.1224403736 16.4607462369 1.3741602155
-34.8827996316 -8.10531938899 1.43164651247
-34.6606570289 12.435508781 1.42906266995
-34.8963166987 -8.0937674218 1.43175931765
-34.6744207668 12.4242518759 1.42917834428
-15.5628021881 -16.6021976661 1.2701314156
-15.1614180881 20.5125283172 1.265462733
-11.7944400495 -17.2939682869 1.23859392498
-11.3789765942 21.1226314144 1.23376147894
-25.3071964088 -13.6748041975 1.35164233416
-24.9668432706 17.7965805988 1.34768353068
-16.8431089539 -16.3174839142 1.2808445765
-16.4475828362 20.2555728522 1.27624403079
-19.4164625067 -15.662082397 1.30237457479
-19.0345087202 19.6559835721 1.29793189509
-40.0080855587 -0.848222584418 1.47431771328
-39.9416921843 5.29096403243 1.47354546149
-39.8271213481 -1.40110880277 1.47282151921
-39.7488131203 5.83980685938 1.47191068029
-40.3632424889 0.805460802366 1.47723409368
-40.3325299889 3.64534913023 1.4768768625
-29.0747012203 -11.9445385959 1.38313607639
-28.7708870046 16.1482068925 1.37960227388
-27.9107966069 -12.5264089507 1.37340830321
-27.5946706222 16.7047671086 1.36973129687
-38.0317285393 -4.74962748188 1.45790214821
-37.8814223882 9.14870982657 1.45615386841
-12.4621172388 -17.1866448815 1.24418226419
-12.0488186733 21.0297742687 1.23937499898
-30.3611506433 -11.2431444369 1.39388601271
-30.0722044544 15.4748013454 1.39052514704
-38.892194266 -3.42087242961 1.46506217486
-38.7704236186 7.83887655284 1.4636458046
-37.6039558391 -5.31378021148 1.45433921078
-37.4415489065 9.70347832125 1.45245018125
-38.4940978271 -4.07462966978 1.46175094561
-38.358281594 8.48387046501 1.4601712047
-29.1395991065 -11.9106868793 1.38367843547
-28.8365018162 16.1157667672 1.38015297185
-30.6298076002 -11.0881006907 1.39613068478
-30.3441516764 15.3256046331 1.39280808969
-18.6132863731 -15.8790466069 1.29565522731
-18.226828207 19.8555251765 1.29116015511
-12.5406330682 -17.1736041275 1.24483941291
-12.1275981673 21.0184347799 1.24003521451
-36.2982600599 -6.78819469631 1.44345529682
-36.104271614 11.1493070983 1.44119892822
-20.8483729761 -15.2456583956 1.31435285197
-20.475090187 19.2706276947 1.31001102862
-27.831823615 -12.5642340949 1.37274819824
-27.5148980645 16.7408753024 1.36906189178
-21.4791226296 -15.0496138102 1.31962878118
-21.109932127 19.088271418 1.31533455709
-35.7388365727 -7.33678812937 1.43878917271
-35.5331146382 11.6856724679 1.43639632652
-32.9770906314 -9.58309941512 1.41573731705
-32.7234340786 13.871724657 1.41278692132
-10.7400485737 -17.4506169245 1.22976840405
-10.3214439361 21.2564380311 1.22489942149
-20.5438505297 -15.3374943252 1.31180556344
-20.1686528505 19.3558556425 1.30744146712
-18.4044063439 -15.9335872055 1.29390767688
-18.0168174961 19.905535162 1.28939945319
-20.1126425148 -15.4644739042 1.3081984597
-19.7347995323 19.4734789437 1.30380359464
-36.7553842859 -6.30688851207 1.44726698465
-36.5716980467 10.678000613 1.44513044574
-11.4768296944 -17.3427968933 1.23593550451
-11.0603845229 21.1645790212 1.23109163969
-19.7090080811 -15.5801425496 1.30482189971
-19.3287579653 19.5803903446 1.30039903618
-35.591531544 -7.47472803922 1.43756027928
-35.382860861 11.8203940592 1.43513313484
-36.0743561491 -7.01270394101 1.44158789913
-35.8755646506 11.3689210218 1.43927566403
-11.8410942612 -17.2866755647 1.2389844197
-11.4257776115 21.1163494796 1.23415368123
-19.0015719098 -15.7756067698 1.2989036635
-18.6172599968 19.760507743 1.29443355535
-22.3680680965 -14.759530064 1.32706391346
-22.0049432558 18.8174824812 1.32284024187
-28.2893051469 -12.3422736404 1.37657201086
-27.9770728904 16.5288616113 1.37294029425
-26.4465376507 -13.1962915737 1.36116801674
-26.1162667256 17.3428226573 1.3573264841
-24.8393828423 -13.8613321209 1.34773073812
-24.4951051205 17.9729465758 1.34372628601
-10.8347983458 -17.4371751784 1.23056150575
-10.4164622478 21.2450487671 1.2256956467
-20.4289318507 -15.37168318 1.31084426798
-20.0530216551 19.38755093 1.30647188405
-38.9412964297 -3.33434621667 1.46547038236
-38.8213855855 7.75343260745 1.46407564432
-28.4082331779 -12.2834277364 1.37756601834
-28.097245754 16.4726017602 1.37394878096
-12.6412397103 -17.1567642097 1.24568144907
-12.2285454708 21.0037748171 1.24088121305
-10.9895621727 -17.414951357 1.23185694486
-10.5716705049 21.226177523 1.22699625517
-28.2931620377 -12.3403727653 1.37660424724
-27.980969989 16.5270446012 1.37297299831
-37.0077786498 -6.02635573417 1.44937103089
-36.830100411 10.4029924794 1.44730437379
-23.7467469574 -14.2758929245 1.33859398353
-23.3937591735 18.3637778438 1.33448822069
-12.9268655279 -17.1081556417 1.24807199136
-12.5151557274 20.9613554052 1.2432832058
-32.4952179843 -9.91652149736 1.41171314192
-32.2344632798 14.1946463496 1.40868018433
-27.3363922629 -12.7969952632 1.36860691791
-27.0145487099 16.9628663661 1.36486340791
-33.6641274624 -9.08189168379 1.42147393299
-33.4211497449 13.3854940477 1.4186477477
-12.2031007364 -17.2290363197 1.24201436882
-11.7889459646 21.0665535365 1.23719714469
-25.2682846077 -13.6905334204 1.35131698293
-24.9276003979 17.8114645211 1.34735432861
-17.5182491815 -16.1565492855 1.28649353448
-17.1260456493 20.1092784411 1.28193163529
-35.9074679034 -7.17567894333 1.44019586836
-35.7051908072 11.5282482853 1.43784309067
-29.3778880139 -11.7850483881 1.38566979591
-29.0774521492 15.9953116027 1.38217528855
-31.7929487909 -10.3784525099 1.40584756457
-31.5223682454 14.6412799673 1.40270031812
-15.0629897526 -16.7062751991 1.26594891032
-14.6594716954 20.6057710879 1.2612554067
-33.9551912035 -8.85952042151 1.42390390192
-33.7169545914 13.169470203 1.4211328626
-30.9274201162 -10.9126143338 1.39861715378
-30.6454897934 15.15659637 1.39533789286
-39.8342711727 -1.38096043511 1.47288069297
-39.7563970181 5.81981784782 1.47197490295
-30.8462256684 -10.9608879315 1.39793881096
-30.5632703323 15.2031025254 1.39464762765
-36.3129674695 -6.77320204059 1.44357795054
-36.1192998272 11.1346360554 1.44132531335
-26.7859838998 -13.0467316275 1.36400577635
-26.4588680841 17.2006395602 1.36020094224
-20.808526121 -15.2577781226 1.31401954211
-20.4349905411 19.2818827411 1.30967477843
-26.4900603431 -13.1773008869 1.36153187156
-26.1601899462 17.3247777627 1.35769499765
-35.6988975661 -7.37444010314 1.43845599009
-35.4923706804 11.7224517957 1.43605378115
-32.2276587327 -10.0957318869 1.40947851462
-31.9630908582 14.3680277947 1.40640120431
-25.7414431321 -13.4965717853 1.35527308382
-25.4048430233 17.6277821771 1.35135793355
-22.3999667621 -14.7488121986 1.32733070276
-22.0370662535 18.8074570575 1.32310964048
-25.6574056643 -13.5314544908 1.35457045782
-25.32007081 17.6608390811 1.35064676138
-33.8183733764 -8.96483444614 1.42276169502
-33.5778911577 13.2718003679 1.41996453602
-28.571512613 -12.2018479491 1.37893068971
-28.2622513096 16.3945726178 1.37533352962
-17.3396011833 -16.199875359 1.28499879699
-16.9465024326 20.1487304118 1.2804264851
-35.2939118303 -7.74593467623 1.43507712053
-35.0794454206 12.0851000567 1.43258256334
-21.6064969034 -15.0090524739 1.32069417387
-21.2381538202 19.050474541 1.3164098065
-12.4814064971 -17.1834493496 1.2443437085
-12.0681725289 21.0269966907 1.23953719466
-40.2112101052 -0.0631853510394 1.47599133626
-40.1617470941 4.51050379773 1.47541600929
-30.5635007384 -11.126659241 1.39557669058
-30.2770264247 15.3627200163 1.39224457643
-18.2427564814 -15.9752704916 1.29255524912
-17.8543039674 19.9437123813 1.28803697974
-17.639348603 -16.1268734919 1.28750675556
-17.2477585382 20.0822288421 1.28295199188
-23.8189126611 -14.2493922524 1.33919747293
-23.4664811227 18.3388442388 1.33509818004
-19.5926894016 -15.6129116578 1.30384882857
-19.2117578016 19.6106359369 1.29941803839
-14.7186913072 -16.7757135545 1.26306768996
-14.3137520526 20.6677463876 1.25835765573
-19.2013110116 -15.7213430593 1.30057466401
-18.8181259302 19.7105768721 1.29611766255
-21.1635462686 -15.1486918632 1.31698916581
-20.7922868372 19.1805007107 1.31267087705
-30.8731329493 -10.9449238005 1.39816361028
-30.590516573 15.1877241048 1.39487636956
-35.3663800186 -7.68078892248 1.4356817826
-35.1533055547 12.0215369519 1.43320341577
-12.8793093682 -17.1163311579 1.24767397347
-12.467433881 20.9685004194 1.24288326074
-29.7049933431 -11.6090593175 1.38840326374
-29.4082870529 15.8264386421 1.38495213677
-38.2130029472 -4.49410619013 1.45941141125
-38.0681805127 8.89716907875 1.45772691508
-34.9730528277 -8.02785577334 1.43239969882
-34.7525644072 12.3600153666 1.42983509685
-24.0529827759 -14.1625958696 1.34115486667
-23.7023736177 18.2571308491 1.33707677072
-30.0401486628 -11.4243622783 1.39120384749
-29.74735839 15.6490338626 1.38779826952
-19.2663581875 -15.7035155989 1.30111883772
-18.8835434426 19.6941604837 1.29666614381
-20.4329449157 -15.3704935614 1.31087783744
-20.0570595091 19.386448388 1.30650574185
-18.2673432497 -15.9689599074 1.29276095295
-17.8790214625 19.9379350592 1.28824420411
-27.3151900681 -12.8067851689 1.36842968404
-26.9931397498 16.9721954007 1.36468376905
-34.1007481247 -8.74590192374 1.42511901053
-33.8649346746 13.059026525 1.42237615611
-32.5390242052 -9.88678735205 1.41207899312
-32.2789023096 14.1658666419 1.40905339603
-38.7309506795 -3.6952911473 1.46372134502
-38.6032829383 8.1097435519 1.46223638296
-27.8020937433 -12.5784213714 1.3724996958
-27.4848683209 16.7544162344 1.3688099014
-25.3065939023 -13.675048047 1.35163729647
-24.9662356313 17.7968113597 1.34767843329
-35.8028451668 -7.2760453865 1.43932313665
-35.5984219337 11.6263283719 1.43694539625
-25.004026896 -13.7963212314 1.34910742225
-24.6611166425 17.9115119708 1.34511887579
-12.3743124164 -17.2011232673 1.24344736629
-11.9607212676 21.0423501419 1.23863669792
-11.1831473081 -17.3866831469 1.2334773183
-10.7658217109 21.202102968 1.22862321284
-31.6437412986 -10.4731869389 1.40460121571
-31.3711468477 14.7327650358 1.40143054461
-20.5242980402 -15.3433292735 1.31164200738
-20.148978743 19.3612663262 1.30727649646
-39.9873602413 -0.916770566507 1.47414654249
-39.9194892385 5.35904771362 1.47335710373
-39.9533463205 -1.02597048638 1.4738655047
-39.8831216244 5.46748640516 1.47304868904
-37.4400533185 -5.51741022268 1.45297361845
-37.2732808503 9.90351566209 1.45103381137
-29.2244047777 -11.8662162359 1.38438715793
-28.9222494101 16.0731407834 1.38087265025
-22.9494933007 -14.5607188731 1.33192662922
-22.5905321168 18.6312934103 1.32775138703
-19.1064012749 -15.74721731 1.29978066031
-18.7226788156 19.7343922727 1.29531740836
-31.7915544144 -10.3793431553 1.40583591735
-31.5209549331 14.6421402455 1.40268845066
-19.1507203808 -15.7351553464 1.30015142945
-18.767248417 19.7232917062 1.29569109113
-18.1982037643 -15.9866788582 1.29218250035
-17.8095149446 19.954154451 1.28766148239
-17.265285343 -16.2177406104 1.28437699508
-16.8718176066 20.1649841108 1.27980039135
-14.9929551554 -16.7205480332 1.26536283939
-14.5891448038 20.6185258087 1.26066593595
-13.4098711192 -17.023245877 1.25211440615
-12.9998846687 20.8869124049 1.24734566567
-14.5869521152 -16.801800947 1.26196522932
-14.1814794879 20.6909782976 1.25724899119
-17.9809479385 -16.0418175206 1.29036481964
-17.5911174621 20.0045812008 1.28583052255
-32.7834257956 -9.71880297179 1.41412005913
-32.5268797036 14.0032077044 1.41113605385
-37.1950029066 -5.81062013019 1.45093152774
-37.0219465539 10.191356802 1.44891862991
-38.6459119685 -3.83452006528 1.46301400741
-38.515253037 8.2471006049 1.46149425344
-12.2304515248 -17.2246054633 1.24224328884
-11.8163861808 21.0627152853 1.23742710488
-36.007050416 -7.07886603802 1.4410265109
-35.8068437838 11.4336118906 1.43869781572
-15.4510907428 -16.6257988811 1.26919660944
-15.0492223534 20.5337078106 1.26452229386
-33.7829580145 -8.99186604099 1.42246602614
-33.5418994718 13.2980596427 1.41966216365
-34.2519748585 -8.62608097628 1.42638138814
-34.0187173836 12.9425044802 1.42366826345
-38.2386796367 -4.45701569856 1.45962515986
-38.0946533464 8.86064262283 1.45794992401
-27.0980255473 -12.9062678171 1.36661432951
-26.7738745305 17.0669577386 1.36284398033
-19.5509122862 -15.6246199794 1.30349933737
-19.1697372443 19.6214379247 1.2990657156
-12.2528060432 -17.2209760498 1.24243039091
-11.838813963 21.0595702254 1.23761505911
-36.3419012359 -6.74361609539 1.44381924299
-36.1488666762 11.1056828376 1.44157396948
-18.447104717 -15.9225006277 1.29426490595
-18.0597456493 19.8953746984 1.28975935494
-29.3869768962 -11.7802139509 1.38574574945
-29.0866434591 15.9906748793 1.38225243348
-31.9830105003 -10.2560946266 1.40743511449
-31.715031712 14.5230615398 1.40431813028
-21.811240725 -14.9431570297 1.32240668174
-21.4442748605 18.9890229041 1.31813833343
-34.1772492573 -8.68551799586 1.42575761813
-33.9427238265 13.0003113606 1.42302974526
-15.5276211043 -16.6096515244 1.26983701953
-15.12608403 20.5192195022 1.26516655762
-16.3660992727 -16.4266515345 1.27685323453
-15.9683237817 20.3543977191 1.27222652532
-32.8593055312 -9.66591121107 1.41475372605
-32.6038855719 13.9519695145 1.41178281934
-29.7403162074 -11.5898054604 1.38869843178
-29.4440180549 15.8079532851 1.38525205205
-16.5373580874 -16.3878847242 1.27828624459
-16.1403809408 20.3193441249 1.27366882129
-36.0438932881 -7.04272301251 1.44133381503
-35.8444596975 11.3982741919 1.43901411145
-12.2577046916 -17.2201797631 1.24247139141
-11.8437286867 21.0588800776 1.23765624659
-32.6441327147 -9.81498193065 1.41295679912
-32.3855391576 14.0963514031 1.40994897884
-22.5473288495 -14.6990156612 1.32856317783
-22.1854708132 18.7608594551 1.32435424102
-14.0873869612 -16.898326907 1.25778452924
-13.6799436356 20.7766766102 1.25304536901
-18.7537594916 -15.8419343924 1.29683045059
-18.3680710874 19.8214599287 1.29234433184
-32.6715691742 -9.79613029414 1.41318592889
-32.4133769008 14.078097598 1.41018277611
-15.7976356468 -16.551942732 1.27209648942
-15.3972834723 20.4673643391 1.26743980963
-27.916778046 -12.5235358189 1.37345829947
-27.600712799 16.7020240211 1.3697819996
-19.4774534837 -15.6451293333 1.30288480667
-19.095852072 19.6403536446 1.2984462256
-15.5112023859 -16.6131235121 1.2696996271
-15.109594064 20.5223355581 1.26502833648
-24.6874881507 -13.920705037 1.34646063751
-24.34196191 18.0290202815 1.3424416633
-39.2761978873 -2.6999127843 1.46825300361
-39.1699294978 7.12639114204 1.46701694722
-12.931472615 -17.1073618732 1.24811054998
-12.5197789035 20.9606614689 1.24332195157
-30.8924396474 -10.9334487335 1.39832490912
-30.6100669246 15.1766693056 1.39504050245
-38.6006297403 -3.90723254066 1.46263730729
-38.4684088595 8.31881666508 1.46109938558
-17.7887527013 -16.0899182684 1.28875678562
-17.3979269141 20.0485137164 1.28421091161
-17.249023719 -16.2216375094 1.28424093336
-16.8554755088 20.1685283765 1.2796633936
-12.5273949418 -17.17580909 1.24472861487
-12.1143154511 21.0203528999 1.23992389782
-17.5647642723 -16.1451799978 1.28688272045
-17.1727957416 20.0989178853 1.28232355467
-16.1211259214 -16.4812799172 1.27480338821
-15.7222262927 20.4037148076 1.27016360364
-37.6809580353 -5.21586448725 1.45498069345
-37.520650699 9.60725097708 1.45311608528
-14.9406763277 -16.7311528438 1.26492535243
-14.5366488561 20.6279974026 1.26022592357
-31.2583252536 -10.7127026581 1.40138160446
-30.9806409869 14.963888586 1.39815173137
-19.7642871893 -15.5644814245 1.30528433742
-19.3843628438 19.5659285117 1.30086526308
-15.3499089013 -16.6470064665 1.26834990952
-14.9476055263 20.5527219784 1.26367053441
-21.4728809199 -15.0515929455 1.31957657355
-21.1036490748 19.0901150888 1.31528186858
-36.7339790296 -6.33016934366 1.44708852508
-36.5497943064 10.7008130258 1.44494618808
-19.2549532653 -15.7066469013 1.30102342626
-18.8720734679 19.6970443773 1.2965699757
-12.6318897435 -17.1583354102 1.24560319391
-12.2191637109 21.0051434201 1.2408025881
-12.9841580724 -17.0982625302 1.24855149567
-12.5726488273 20.9527037853 1.24376504288
-31.826752597 -10.3568295686 1.40612992634
-31.5566317803 14.6203932247 1.40298802721
-27.8999459742 -12.5316179875 1.37331760735
-27.5837098726 16.7097402392 1.36963932019
-38.4975443532 -4.06929156302 1.46177962396
-38.3618427603 8.47860815163 1.46020121649
-33.4222856975 -9.26198397669 1.41945473311
-33.1754697218 13.560313432 1.41658390327
-36.2140533005 -6.87344289439 1.44275302641
-36.0182409021 11.2327140523 1.44047544258
-11.9583383995 -17.2682121819 1.23996574573
-11.54339363 21.100426283 1.23513933277
-32.5897651823 -9.85220514798 1.41250275555
-32.3303793217 14.132390001 1.40948571962
-21.8293309152 -14.937293271 1.32255798933
-21.4624876338 18.9835517888 1.31829106684
-22.1404333689 -14.8353862086 1.32516003396
-21.7757212453 18.8883973825 1.32091789995
-39.6932336765 -1.75858928141 1.47171273315
-39.6072255926 6.19430787009 1.47071233367
-20.0755127632 -15.4752419937 1.3078878593
-19.6974455859 19.4834414369 1.30349038653
-28.8881799386 -12.0409745108 1.38157726648
-28.5823237478 16.2405859908 1.37801971282
-12.6894421651 -17.1486440254 1.24608488193
-12.2769122645 20.9966991006 1.24128655742
-23.2832750926 -14.4432244152 1.33471807537
-22.9267768677 18.5210457848 1.33057148099
-19.1651120559 -15.7312308408 1.30027182848
-18.7817216004 19.7196793954 1.29581243822
-36.6002736521 -6.47387603283 1.44597373834
-36.4130122821 10.8415941937 1.44379561545
-32.9637753432 -9.59250482844 1.41562612628
-32.7099184956 13.8808398746 1.41267340083
-27.8533078732 -12.5539639248 1.37292777763
-27.5365994087 16.7310722165 1.36924399619
-34.8503466013 -8.13298377499 1.43137567682
-34.6276132964 12.4624647711 1.42878496358
-34.8413330793 -8.14064967687 1.43130045417
-34.6184360935 12.4699339268 1.42870783708
-40.0596339737 -0.670291586778 1.47474319073
-39.9970766272 5.11418959271 1.47401555754
-13.4318279715 -17.0193044667 1.25229816659
-13.0219216254 20.8834468202 1.24753035784
-13.2394704263 -17.0535923518 1.25068828677
-12.8288675359 20.9135661936 1.2459123762
-32.7371922468 -9.750856673 1.41373395956
-32.4799637489 14.0342539249 1.41074201691
-24.9918343013 -13.8011590812 1.34900547374
-24.6488222723 17.916084976 1.34501574348
-26.8759728243 -13.0065200318 1.36475806103
-26.5497056092 17.1623837363 1.36096309738
-35.5288420015 -7.53267059752 1.43703726443
-35.3189328678 11.8769671553 1.43459571501
