-30.4651744175 11.1073778583 -1.62542908141
33.5383445516 11.688259807 -1.14058011271
-32.1157859524 9.89578953615 -1.64845335029
35.2108327197 10.5068312114 -1.13843074286
-26.7564952328 13.2902730702 -1.5784389347
29.7903725834 13.8034800829 -1.15007669797
-33.2889474648 8.90307649868 -1.66597456243
36.4019485625 9.53557583846 -1.13804172981
-21.1214731887 15.6903306497 -1.51510053295
24.1124071771 16.100863461 -1.17243812002
-24.9295728322 14.167794071 -1.55703016395
27.9477102928 14.6476967351 -1.15646631053
-30.9106459554 10.7984009729 -1.631484595
33.9893909547 11.3874195225 -1.13984419036
-24.1873793041 14.494705208 -1.54859287998
27.1996632556 14.9610827744 -1.15931811835
-35.7205576125 6.28130195153 -1.70725089646
38.8810870757 6.9583701728 -1.14211743078
-19.8108176627 16.1341509158 -1.50137447078
22.7938551069 16.5208216137 -1.17862922197
-7.08829616433 18.8592793706 -1.38205336612
10.0236232282 19.0145834108 -1.25242461127
-37.1162928421 4.06989055089 -1.73715494946
40.3170202038 4.77265837524 -1.15057060881
-24.6563705885 14.2899933124 -1.55390801238
27.6723193082 14.7649170643 -1.15749994391
-36.9570622134 4.37394141314 -1.73328827924
40.1522572739 5.07376874278 -1.14915830274
-24.8574808723 14.2002546291 -1.55620440854
27.8750368442 14.678843434 -1.15673720355
-6.14152063277 18.9656498521 -1.37402157098
9.07506010327 19.103752213 -1.25875066719
-26.8082383089 13.2637795464 -1.57905970306
29.8425914342 13.7779300948 -1.14990991849
-26.6139562475 13.3627616541 -1.57673322208
29.6465319974 13.8733695484 -1.15054041044
-20.592868474 15.8738078821 -1.50952525519
23.5805358021 16.2747160442 -1.17489631834
-28.6882186822 12.2309955997 -1.60223121039
31.7411414435 12.779439264 -1.14445774092
-30.5104892035 11.076497939 -1.62604023038
33.584216372 11.6582074774 -1.14050049134
-21.17677081 15.6707774066 -1.51568692718
24.1680530996 16.0823171172 -1.17218407823
-15.030178704 17.4667918058 -1.45382463752
17.9896457576 17.7664725153 -1.20368795605
-32.450753997 9.62516976771 -1.65334335142
35.5506927119 10.2423360347 -1.13820868635
-23.7138131327 14.6951427329 -1.54328103558
26.72251122 15.1528917887 -1.1612082958
-20.6763959126 15.8452255079 -1.51040262974
23.6645719302 16.2476544403 -1.17450434045
-35.8238283609 6.1438521058 -1.70923339688
38.9868535758 6.82281750344 -1.14251640117
-17.3256110594 16.879487126 -1.4761936332
20.2954344697 17.2209275123 -1.1912010981
-32.7395327992 9.38400728897 -1.65762815648
35.8438325813 10.0064549227 -1.13808525462
-33.8804301137 8.34851098192 -1.67528367157
37.0034717523 8.99183778194 -1.13831340383
-30.8667954028 10.8293610936 -1.63088371617
33.9449816585 11.4175786161 -1.13991191065
-19.5903733517 16.2052130413 -1.4990973555
22.5721482005 16.5878708713 -1.1797015563
-34.7677878714 7.42847777522 -1.69002364053
37.9075025147 8.08806282589 -1.13948298025
-36.3378027991 5.40925324308 -1.7195443523
39.5141728228 6.09766919461 -1.14493919392
-29.9123300442 11.4746298871 -1.61805640648
32.9788777308 12.0454167425 -1.14163358284
-33.1300737627 9.04530119606 -1.66353330749
36.2405010399 9.67489337042 -1.13802701982
-22.3988675751 15.2205692219 -1.52880535334
25.3981778881 15.6543647593 -1.16672607124
0.657309228785 19.3884652137 -1.31934325932
2.26962834087 19.4030982695 -1.30712937997
-22.863870919 15.039819033 -1.53387992787
25.866408589 15.4820843987 -1.16473107255
-37.0368708078 4.22395962241 -1.73520509585
40.2347946246 4.92526036835 -1.14984529223
-23.5884701146 14.74717004 -1.54188410732
26.5962378254 15.2026354802 -1.16171744959
-31.4170501364 10.4317165894 -1.63850418424
34.502414911 11.0299872459 -1.13914125607
-23.7289833355 14.6888171646 -1.54345035769
26.737794551 15.14684261 -1.16114692178
-7.67071561201 18.7878656343 -1.38704677771
10.6072516386 18.95375247 -1.24858480384
-26.5527102478 13.3936876969 -1.57600225429
29.5847307636 13.9031788414 -1.15074156834
-22.1427816428 15.3178384003 -1.52603067765
25.1403561515 15.746969824 -1.16784442531
-14.4753612468 17.5952705248 -1.44853641547
17.4325714838 17.884859948 -1.20682270148
-36.8421838206 4.58211572267 -1.73059697919
40.0335920561 5.27982346154 -1.14823617696
-31.5413875119 10.338999259 -1.64025131235
34.6284267335 10.9395420301 -1.13899190173
-35.4338413593 6.64798843868 -1.70187797196
38.5877145568 7.31979190104 -1.14113888096
-28.9280795672 12.0884967282 -1.60528191979
31.9835677237 12.6413175253 -1.14385495692
-32.2725184465 9.77034105989 -1.65073106284
35.3698326832 10.3842482539 -1.13831667198
-28.8801311573 12.1171942016 -1.60467021793
31.9351026164 12.6691399707 -1.14397362106
-17.4007984727 16.8586685209 -1.47694023727
20.3709900176 17.2014770173 -1.19080577169
-37.0174879236 4.26081475174 -1.73473578819
40.2147411633 4.96175758203 -1.14967472863
-28.5409356803 12.3172022212 -1.60036933276
31.5923068321 12.8629583867 -1.14483905745
-35.2623299457 6.85781722552 -1.69874763012
38.4123954675 7.52647293005 -1.14063590108
-19.4667317002 16.2446321959 -1.49782402803
22.4478063951 16.6250393823 -1.18030678997
-15.5981173908 17.3299652729 -1.45928460262
18.5599917003 17.6399768049 -1.20052501827
-12.8717316718 17.9387312411 -1.43349668882
15.8229287708 18.1991577074 -1.21612463261
-26.4730435649 13.4337186239 -1.57505316511
29.5043454457 13.9417571714 -1.15100492886
-26.1929931054 13.5726997118 -1.57173214006
29.2218005723 14.075632267 -1.15194575959
-17.942485276 16.705586738 -1.48234634247
20.9153856145 17.0582522809 -1.18798442409
-4.4325505596 19.127693827 -1.35978723464
7.36341106965 19.2347513965 -1.27042871306
-27.579447641 12.8571662686 -1.58841520026
30.6211065922 13.3853817777 -1.14752571242
-31.1462130278 10.6299582448 -1.63473121255
34.2279984457 11.2232802991 -1.13949877029
-24.6548387636 14.2906722732 -1.55389056123
27.6707753246 14.7655681097 -1.15750579308
-27.2640765681 13.0261521587 -1.58456563196
30.302698412 13.5486156259 -1.14847724291
-23.8465248152 14.6395938279 -1.54476415718
26.8562164391 15.0997608252 -1.16067321651
-16.0157429926 17.2258560353 -1.46333024429
18.9794513543 17.5434647702 -1.19822944731
-35.1947726205 6.93867355854 -1.69753037935
38.3433711194 7.60608967765 -1.1404533041
-16.6982527937 17.0491915949 -1.46999922973
19.665077726 17.3792172346 -1.19453432429
-21.776858271 15.4540953654 -1.52208993724
24.7720024172 15.8765626506 -1.16946608995
-34.7948313655 7.39847257648 -1.69049014565
37.9350900828 8.05855344673 -1.13953563602
-31.9766666293 10.0054690558 -1.64644629543
35.069731296 10.6139675089 -1.13854645785
-36.64410103 4.92228130025 -1.72612157779
39.8293231541 5.6163373831 -1.1468087299
-18.6470447505 16.4981718803 -1.48945095336
21.6236201867 16.8636596332 -1.18438662755
-32.6409367994 9.46719821716 -1.65615772833
35.743732027 10.0878425244 -1.13812002213
-34.2063361359 8.02414257585 -1.68057829396
37.3352538696 8.67343840966 -1.13862580928
-26.2569638554 13.5411890045 -1.5724886716
29.2863367933 14.0452878609 -1.15172880603
-34.1034067798 8.12815644203 -1.67889231422
37.2304399887 8.77556684363 -1.13851355698
-36.4592831477 5.2212084536 -1.72210816338
39.6390708889 5.91186048177 -1.14563660262
-35.7387190231 6.25734751958 -1.70759762841
38.8996834128 6.93474934614 -1.14218570998
-36.7319289099 4.77418558753 -1.72808192143
39.9198439779 5.46986032424 -1.14741801994
-30.1878353915 11.293766005 -1.62171158767
33.2576439561 11.869583308 -1.14108996364
-19.3342032137 16.2865383216 -1.49646222388
22.3145337619 16.6645331551 -1.18095852197
-33.5276934045 8.6841701446 -1.66968867242
36.64465698 9.32103905889 -1.1381086552
-16.7816691793 17.0270353664 -1.47081927462
19.7488853356 17.3585786946 -1.19408758911
-30.8241508222 10.8593530539 -1.63030038861
33.9017958345 11.4467915984 -1.13997877833
-31.2044264361 10.5877692929 -1.63553847039
34.2869735022 11.1821549241 -1.13941828465
-36.7495227416 4.74401063951 -1.72847908847
39.9379865551 5.44000971205 -1.14754447122
-36.0372399819 5.84971776507 -1.71341899991
39.2056072119 6.53260540013 -1.14342820172
-33.9452262814 8.28515818224 -1.67632633873
37.0694153979 8.92967154822 -1.13836567132
-2.79998390348 19.247149262 -1.34650001346
5.72893138842 19.324555833 -1.28189050682
-15.8448763241 17.2688131047 -1.46167183448
18.8078276868 17.5833134721 -1.19916552118
-36.8494771619 4.56915285616 -1.7307656135
40.041121177 5.26699512046 -1.14829252596
-36.6392453267 4.93034965432 -1.7260142464
39.8243207491 5.62431626713 -1.14677607712
-30.7906167975 10.8828573097 -1.62984238821
33.8678376642 11.4696833098 -1.14003205483
-28.434700575 12.3787856568 -1.59903161357
31.4849634726 12.9226034308 -1.14511926958
-2.0196935184 19.2922206038 -1.34025504562
4.94794646958 19.3554573814 -1.28747274369
-27.1290168641 13.097361173 -1.5829272304
30.1663592597 13.6173614835 -1.1488947823
-26.8597895853 13.2372883364 -1.57967901343
29.8946184748 13.7523789389 -1.149744587
-36.2206032543 5.58497324128 -1.71712098507
39.3937801745 6.271232858 -1.14431567038
-21.1261462439 15.688680921 -1.51515006414
24.1171096175 16.0992988222 -1.17241662857
-37.0420299281 4.21410204058 -1.73533043201
40.2401331072 4.91549806048 -1.14989110539
-30.8771413376 10.8220674808 -1.63102538854
33.9554592201 11.4104739928 -1.13989583777
-36.4840276848 5.18211898263 -1.72263730346
39.6645259622 5.87322661149 -1.14578546314
-29.6584951554 11.6376408022 -1.61472061678
32.7221047599 12.2037934923 -1.14216582568
-31.4081471781 10.4383135261 -1.63837945281
34.4933928234 11.0364214988 -1.13915231311
-36.1814320521 5.64253585864 -1.71632129729
39.3535631 6.32807496471 -1.14411737647
-24.466261219 14.3737355316 -1.55174679378
27.4807104899 14.8451948926 -1.15823037365
-34.9679772351 7.20320893087 -1.69350468515
38.111777074 7.8664648077 -1.13990006964
-35.5193471546 6.54080821036 -1.70346119038
38.675165656 7.21418139169 -1.14141189061
-31.1406541552 10.6339750772 -1.63465423061
34.2223670589 11.2271955711 -1.13950655846
-6.25725417438 18.9532877814 -1.37499774286
9.19100044772 19.0934927638 -1.25797182862
-27.9576411021 12.64935156 -1.5930770317
31.0030366134 13.1844657838 -1.1464293435
-23.9649204334 14.589631169 -1.54609085888
26.9755058402 15.0519553437 -1.16019937132
-34.7777997904 7.4173845138 -1.69019621494
37.9177155817 8.07715312202 -1.13950234334
-31.584502723 10.3065904587 -1.64085941586
34.6721272952 10.9079211508 -1.1389423455
-34.0974685837 8.1341119171 -1.67879544491
37.2243938987 8.78141355194 -1.13850747282
-11.66600362 18.1706732949 -1.42241990292
14.6131603667 18.4091772433 -1.22334607444
-23.9793339684 14.5835223637 -1.54625260361
26.9900286661 15.0461091584 -1.16014191303
-2.70458438176 19.2530748759 -1.34573284428
5.63343936259 19.3287489569 -1.28256940766
-9.54512592016 18.5264680844 -1.40339467536
12.4861298593 18.7264189465 -1.23650023243
-36.6832414886 4.85679439102 -1.72699070376
39.8696543637 5.55157174136 -1.14707583028
-32.5995021882 9.50189203653 -1.65554213247
35.7016700112 10.1217785466 -1.13813694232
-18.8152120298 16.4472444117 -1.49115920375
21.7926906293 16.8157928604 -1.18354018463
-35.7957373289 6.18154106257 -1.70869148597
38.9580781673 6.85999035283 -1.14240527338
-13.8643252489 17.7309615322 -1.44276339533
16.8191561408 18.0094381027 -1.21032532711
-26.7645043637 13.2861785159 -1.57853496601
29.7984552429 13.7995315741 -1.15005082836
-30.2111098146 11.2782935567 -1.62202207277
33.281197388 11.8545358591 -1.14104571141
-20.8773592107 15.775830576 -1.51251906639
23.8667705762 16.1819185181 -1.17356668483
-11.1052250103 18.2711171412 -1.41733347513
14.0506384689 18.4994262598 -1.22676903959
-34.0522701158 8.17928274727 -1.67805952528
37.1783771078 8.82575653236 -1.13846254057
-24.7313840802 14.2566604682 -1.55476333524
27.7479297513 14.73295125 -1.15721423795
-2.374078643 19.2727086404 -1.34308290416
5.30262951451 19.3423807658 -1.28492916366
-15.8897963016 17.2575686731 -1.46210739326
18.852945784 17.5728862064 -1.19891901016
-18.0067748865 16.6870537065 -1.48299116719
20.9800033825 17.0408891846 -1.18765273048
-34.2807094227 7.94804250618 -1.68180481814
37.4110060934 8.59870084631 -1.13871508038
-36.9139274247 4.45312916979 -1.73226875872
40.1076819152 5.1521604613 -1.14880321717
-18.6659201202 16.4924833126 -1.48964244739
21.642596424 16.8583145984 -1.18429138246
-28.28676365 12.4637237314 -1.5971759872
31.3354982384 13.0048423485 -1.14551656825
-31.2827549233 10.5306418043 -1.63662783825
34.3663334094 11.1264585808 -1.13931310795
-28.9942283226 12.0487300405 -1.60612736146
32.0504325263 12.6027580397 -1.14369277451
-11.3810282104 18.2222980031 -1.41982998064
14.327288428 18.4556210658 -1.22508051983
-32.7955906714 9.33630295257 -1.65846774742
35.9007532927 9.95977595521 -1.1380689934
-35.851473723 6.10653616448 -1.70976868777
39.0151765686 6.78600951868 -1.14262771226
-28.8699166445 12.1232938731 -1.60454002751
31.924778283 12.6750532362 -1.14399901956
-0.586983165857 19.3549316427 -1.32896474283
3.51432734364 19.3921542404 -1.29789588595
-32.3712883259 9.69023050837 -1.65217571233
35.470050772 10.3059436737 -1.13825391823
-33.7752508214 8.45019966496 -1.6736012698
36.8964508181 9.0916005821 -1.13823849275
-16.6096088609 17.0726004574 -1.46912898859
19.5760205357 17.4010133206 -1.1950102311
-1.79322434852 19.3038567068 -1.33845523115
4.721302143 19.3629811253 -1.28910542192
-34.0107752227 8.22050706524 -1.67738606286
37.1361354281 8.86622087549 -1.13842341189
-1.73335851612 19.3068242573 -1.33798041338
4.66139199048 19.3648616151 -1.28953794899
-18.2203682652 16.6249173479 -1.48513845755
21.1946973106 16.982639868 -1.18655559518
0.383638222054 19.3827537799 -1.32144478944
2.54335835627 19.4023549278 -1.30508415651
-22.2290667989 15.2852423701 -1.52696401
25.2272229181 15.7159452829 -1.16746607148
-32.2024184097 9.82669977266 -1.6497101307
35.298713916 10.4393252957 -1.13836552151
39.7800661073 5.69439425 -1.14649168013
-36.5962792082 5.00121923374 -1.72506912174
30.776081672 13.3045416077 -1.14707481691
-27.7329190696 12.7735267054 -1.59030089457
12.9790056495 18.6586687441 -1.23340149899
-10.0366813064 18.4497833999 -1.40775335127
15.8912879777 18.1866298228 -1.21572238472
-12.9398504987 17.9249647117 -1.43412830961
20.7066833281 17.1138028886 -1.18906037515
-17.7348332064 16.7649160868 -1.48026826415
26.4776180622 15.2489837546 -1.16219908691
-23.4707173823 14.7956635795 -1.54057514059
32.4609629531 12.3614770023 -1.14273691019
-29.4002794816 11.8000378872 -1.61135738732
35.3729612429 10.3818160859 -1.13831460477
-32.2756020217 9.76785251184 -1.65077605472
30.5577572705 13.4181620733 -1.14771235371
-27.5167081268 12.8910909189 -1.58764667465
19.7838435832 17.3499332688 -1.19390156627
-16.8164635691 17.0177568809 -1.47116165233
19.8952269006 17.3222433088 -1.19331013036
-16.9273221715 16.9880499018 -1.47225377643
18.0720462295 17.7485303445 -1.20322806228
-15.1122374811 17.4473570387 -1.45461057989
36.3160153781 9.61005738982 -1.13803102147
-33.2043902262 8.97910538386 -1.6646723297
1.94677771863 19.4027706459 -1.30955220539
0.980112271604 19.3939974016 -1.31687503315
18.107990642 17.7406686229 -1.20302775743
-15.1480321998 17.4388442285 -1.45495372397
32.2851817361 12.465757418 -1.14313767781
-29.2264339076 11.9074914392 -1.60910961011
8.64046495969 19.1406350843 -1.26168393351
-5.70767189992 19.0104145303 -1.37037607218
18.6469857283 17.6202051962 -1.20004677725
-15.6847355156 17.3086179982 -1.46012153419
26.1202683378 15.3864173697 -1.1636693359
-23.1159395414 14.9395603087 -1.53665077501
25.2320076502 15.7142312197 -1.16744527692
-22.2338194002 15.2834417481 -1.52701546407
16.7614116345 18.020857651 -1.21065775616
-13.8067990984 17.7434272518 -1.44222260897
13.0808856594 18.6442362843 -1.23276473864
-10.1382805545 18.4335042069 -1.40865801723
32.7381473789 12.1939965114 -1.14213171022
-29.6743560021 11.6275542724 -1.61492818119
29.3408179965 14.0195639508 -1.15154659804
-26.3109657289 13.5144805257 -1.57312826074
35.8723366258 9.9831161502 -1.13807679028
-32.7676054299 9.36015503896 -1.65804828019
35.8860816069 9.97183575772 -1.13807293872
-32.7811418998 9.34862704599 -1.65825109513
16.3865022817 18.0937265514 -1.21282726305
-13.4332841571 17.8230886875 -1.43872254092
12.605060416 18.7103839834 -1.23574975759
-9.66374358866 18.5082771856 -1.40444371114
26.1874382272 15.3608332301 -1.16339079032
-23.1826305511 14.9127612768 -1.5373862724
17.6722443055 17.8345443669 -1.20546858383
-14.7140744208 17.5406132169 -1.4508062385
20.2581814758 17.2304797005 -1.19139634928
-17.2885388818 16.8897138732 -1.4758258453
29.9887453459 13.7059093075 -1.14944760448
-26.9530512708 13.1891180073 -1.58080156455
28.813453564 14.2644929784 -1.15334612591
-25.7881666433 13.7689406079 -1.56697243386
39.087620899 6.69084727108 -1.14292134717
-35.9221662569 6.01007483799 -1.71114663433
8.29163487499 19.1684489097 -1.26405407605
-5.35940819315 19.0445550266 -1.36746548624
13.2747508784 18.6163655042 -1.23155664472
-10.3316040669 18.4021193864 -1.41038301293
31.2889434024 13.030267408 -1.14564199114
-28.2406813649 12.4899895452 -1.5965996516
3.08305676586 19.3981426524 -1.30107585007
-0.155893628193 19.3687466465 -1.32561202845
39.9744356403 5.37952034576 -1.14780307421
-36.7848598997 4.68286975697 -1.72928149728
6.52979266897 19.2848225629 -1.27623693211
-3.59998588888 19.1928869068 -1.35297353607
38.648673132 7.24635856496 -1.14132757221
-35.4934472963 6.57346088544 -1.70297998142
39.5633704395 6.0252052006 -1.14520751785
-36.3856674508 5.33590833313 -1.72054795676
30.054306249 13.6733563604 -1.14924238736
-27.018006156 13.1553805275 -1.58158505003
31.5606425252 12.8806036865 -1.14492126546
-28.5095992224 12.3354193021 -1.59997428802
19.4508303011 17.431418098 -1.19568128946
-16.484995265 17.1052723998 -1.46790769585
13.3535118405 18.6048894488 -1.23106718243
-10.4101421529 18.3892157193 -1.41108514577
37.3138073564 8.69445522322 -1.13860178764
-34.1852774151 8.04554515762 -1.68023228035
21.6981262567 16.8426336811 -1.18401301864
-18.7211540572 16.4757971275 -1.49020315774
28.7337409726 14.3007384714 -1.15362495375
-25.7091299259 13.8066268749 -1.56604868035
22.3326666454 16.6591805408 -1.18086966492
-19.3522352309 16.2808574826 -1.49664732857
36.7435445724 9.23179247341 -1.13815207397
-33.6249329642 8.59314355196 -1.67121782273
33.9375057591 11.422643784 -1.13992341483
-30.8594133462 10.8345611091 -1.63078266616
10.1789754392 18.9988378928 -1.25139859113
-7.24333473557 18.8407168137 -1.38337866437
11.5477457213 18.8460246028 -1.24248239708
-8.60908413945 18.6630856207 -1.39517741022
21.391829802 16.9283911957 -1.18555491983
-18.4164762617 16.5670997109 -1.48711671599
19.240902088 17.4817913489 -1.19681194771
-16.2760228186 17.1594475015 -1.46586503557
20.958170854 17.0467643786 -1.18776472402
-17.985053392 16.6933241873 -1.48277322383
9.11664386445 19.1000928939 -1.25847114569
-6.18303059371 18.9612363926 -1.37437151339
11.4543393036 18.8572639374 -1.24308371639
-8.51589870011 18.6760184223 -1.39436523117
37.7804478668 8.2223546642 -1.13925466132
-34.6432094566 7.56505338021 -1.68788911343
5.52952941793 19.3331802522 -1.28330931154
-2.60077269226 19.2593914073 -1.34489918436
12.2865367472 18.7528840357 -1.23776361862
-9.34604976584 18.5565514088 -1.40163800288
5.77452558185 19.3225129185 -1.28156671383
-2.84553318268 19.2442791493 -1.34686666404
20.5523058907 17.1543777181 -1.18986079499
-17.5812231817 16.8082861432 -1.47873557159
36.5935153559 9.36676999277 -1.13808993385
-33.4773963286 8.73082171395 -1.66890151755
37.0854665472 8.91445812016 -1.13837911213
-33.9609966324 8.2696559492 -1.6765808385
4.74195831242 19.3623222646 -1.28895638499
-1.81386504513 19.3028230448 -1.33861903238
10.3120331722 18.9850948029 -1.25052207561
-7.37611913692 18.8245609987 -1.38451599569
12.6518511845 18.7040208994 -1.23545497758
-9.71041026217 18.5010659023 -1.40485690383
19.8411052995 17.3357253986 -1.19359727031
-16.8734560329 17.0025120647 -1.47172287161
10.6212736231 18.9522345713 -1.24849304629
-7.68470751933 18.7860934876 -1.38716723516
3.6453341686 19.3898733448 -1.29693397004
-0.717926553657 19.3502733442 -1.3299871911
23.2272297211 16.3868457768 -1.17655872412
-20.2416709947 15.9923315351 -1.5058508009
29.1955636639 14.0879294289 -1.15203430588
-26.1669853697 13.5854710347 -1.57142491496
27.3361089285 14.9050943069 -1.15878762037
-24.3227787443 14.4362495336 -1.5501217035
25.7159925169 15.5380126234 -1.16536681608
-22.7145022963 15.0984680381 -1.53224469783
8.62611400239 19.141810736 -1.26178116585
-5.69334481732 19.0118504576 -1.37025605837
2.78487089723 19.4009206732 -1.3032864953
0.142191975484 19.3769362969 -1.32330570941
9.62671611303 19.0533478184 -1.2550588428
-6.69216360513 18.9052412329 -1.37868004565
11.6427455085 18.83447053 -1.24187190168
-8.7038569298 18.6498092135 -1.39600450825
5.34236557189 19.3408166229 -1.28464507141
-2.41377951117 19.2704235454 -1.34340057431
21.2762509896 16.9602863289 -1.18614083236
-18.3014997402 16.6010873139 -1.48595609149
40.0252549375 5.29399119276 -1.14817410874
-36.8341071028 4.59643242229 -1.73041057043
29.3156430715 14.0314628192 -1.15163068588
-26.2860125187 13.5268343461 -1.57283261048
9.20574476453 19.0921753428 -1.25787289423
-6.27197195937 18.9517029688 -1.37512199416
13.4544351804 18.5900544962 -1.23044113148
-10.5107775314 18.3725514638 -1.41198597238
11.7979230592 18.8153300886 -1.24087703814
-8.85865880311 18.6278554666 -1.39735784691
29.1994577443 14.0861057136 -1.15202115128
-26.1708454623 13.5835769442 -1.57147050093
38.038391564 7.94690813195 -1.13974289492
-34.8960745833 7.28497085872 -1.69224690195
5.38800051632 19.3389956125 -1.28431902203
-2.45937359151 19.2677745604 -1.3437656166
7.3054225826 19.2385235438 -1.27083020514
-4.3746406575 19.1325178428 -1.35931075602
24.615294311 15.9307437782 -1.17016435587
-21.6211667173 15.511111764 -1.52042166683
5.87322910609 19.3179998817 -1.28086655363
-2.94413782122 19.2379753867 -1.34766118196
13.7409760665 18.547138284 -1.22867065799
-10.7964862699 18.324441639 -1.41455048929
33.449072503 11.746402981 -1.14073807442
-30.376980167 11.1671316776 -1.62424267404
28.2337602324 14.5235908831 -1.15541331835
-25.2133063796 14.0385169886 -1.56029348032
34.6344118198 10.9352191563 -1.13898504593
-31.5472925735 10.3345684727 -1.64033452857
9.04413584286 19.1064587351 -1.25895866658
-6.11065098468 18.9689172023 -1.37376145997
13.0149382531 18.653595294 -1.23317676879
-10.0725151939 18.4440586128 -1.40807227726
26.1482200373 15.3757848102 -1.16355330148
-23.1436922164 14.9284221884 -1.53695672064
18.3504661454 17.6870757739 -1.20168144513
-15.3894876747 17.3808593277 -1.45727335753
36.9153583193 9.07407531861 -1.13825084876
-33.7938347848 8.43233413714 -1.67389763673
30.2950563967 13.5524869457 -1.14850048828
-27.2565065971 13.0301615392 -1.58447364123
11.1992977577 18.8873433697 -1.24473094294
-8.2614493906 18.7107218822 -1.39215288688
32.737720745 12.1942572173 -1.14213261601
-29.6739342052 11.6278226785 -1.61492265982
15.8847090886 18.1878386176 -1.21576106969
-12.9332948006 17.9262927132 -1.43406749551
34.9298568933 10.7186894901 -1.13867420177
-31.8387299845 10.1127123894 -1.64446952382
31.861699561 12.7110780899 -1.14415510711
-28.8075070028 12.1604576318 -1.60374549696
6.90263219759 19.26353065 -1.27362948621
-3.97237429077 19.1648314681 -1.35601145154
31.7795574492 12.7577253829 -1.14436069524
-28.726231336 12.2085880689 -1.60271313844
5.13070587922 19.348917979 -1.28616035322
-2.20230304889 19.2823651928 -1.34171045224
37.3288111078 8.67975863065 -1.13861853538
-34.2000099907 8.03057868464 -1.68047429113
27.6784743166 14.7623210296 -1.15747663246
-24.6624771144 14.2872859948 -1.55397758633
21.6580452174 16.8539580212 -1.18421388723
-18.6812867024 16.4878470618 -1.48979838937
27.3800022038 14.8869737409 -1.15861792787
-24.3663334526 14.4173353088 -1.55061445996
36.7028619218 9.26864119072 -1.13813304728
-33.5849307398 8.63072454756 -1.67058757998
33.1779886467 11.9202494644 -1.14124157883
-30.1091195882 11.3458695029 -1.62066348647
5.11769768884 19.3493973866 -1.286253642
-2.18930578153 19.2830806202 -1.34160674061
26.6251580129 15.1912797696 -1.1616005136
-23.617177896 14.7352913106 -1.54220372328
23.2593361249 16.3767648838 -1.17640669774
-20.2735877703 15.9816695817 -1.50618377243
26.5404406329 15.2244827913 -1.16194360386
-23.5330815974 14.7700264482 -1.54126799107
8.63023732439 19.1414732235 -1.26175322659
-5.69746128468 19.0114381626 -1.37029053839
34.7909638894 10.8212574201 -1.1388135275
-31.7017351948 10.2177842167 -1.64251890334
29.4805189996 13.9531498145 -1.15108335972
-26.4494293549 13.445541828 -1.57477221646
18.1709879323 17.7268384415 -1.2026771496
-15.210766191 17.4238729374 -1.45555557442
36.290541095 9.63199309416 -1.13802911153
-33.1793212031 9.0014998082 -1.66428753659
7.90460652746 19.1974521899 -1.2667000784
-4.97297430746 19.0805780809 -1.36425224253
22.4608258176 16.6211621644 -1.1802432898
-19.4796780783 16.2405193181 -1.49795722785
13.294100195 18.6135543753 -1.23143632565
-10.3508987793 18.3989575328 -1.41055543585
31.4935789957 12.917834331 -1.14509662032
-28.4432274788 12.373860976 -1.59913882416
19.0784515252 17.5202496964 -1.19769148775
-16.1143023141 17.2008479548 -1.46428886676
18.4721344578 17.6598155648 -1.20100913918
-15.5106374224 17.3513953549 -1.45844048304
24.6879749505 15.9056846885 -1.16983988803
-21.6933771617 15.4847376744 -1.52119479946
20.4353556769 17.1848255954 -1.19046971089
-17.4648490273 16.8408516215 -1.47757697406
15.5390912047 18.2504127419 -1.21780153013
-12.5888782567 17.9951294391 -1.4308807046
20.0418888164 17.2854471647 -1.19253432128
-17.0732870375 16.9485979411 -1.47369471724
22.0151738886 16.7519586132 -1.18243376543
-19.0364913424 16.3793826724 -1.49341444074
31.8067781128 12.7423001902 -1.14429227611
-28.7531654764 12.192671379 -1.60305496083
36.3642952955 9.56830407618 -1.13803622255
-33.25189879 8.9364827149 -1.66540316192
13.6932659078 18.5543660142 -1.22896472756
-10.7489161664 18.3325341121 -1.41412277766
30.6256106101 13.3830453422 -1.14751249373
-27.5839081963 12.8547484725 -1.58846989133
39.2739592191 6.43899179377 -1.14373889556
-36.1038691842 5.75487909876 -1.71475222347
35.964118211 9.90746591195 -1.13805393644
-32.8579887326 9.282851512 -1.65940538887
24.9237320498 15.8235642901 -1.16879474183
-21.9275938007 15.3983518972 -1.52370986816
4.75864770768 19.3617859993 -1.28883600342
-1.83054186708 19.3019839549 -1.33875141153
30.9643870286 13.2050579366 -1.14653800198
-27.9193744003 12.6706417883 -1.5926030225
20.1072792282 17.2689176544 -1.19218950757
-17.1383644034 16.9308843337 -1.47433824243
21.2802870215 16.9591768081 -1.18612033472
-18.305514818 16.599904723 -1.48599658381
19.1031594925 17.5144296149 -1.19755745666
-16.1388997777 17.194580388 -1.4645283415
28.2123667609 14.5329567798 -1.15549133142
-25.1920876872 14.048269624 -1.56004869139
11.0800447428 18.9011030251 -1.24550383878
-8.14246771964 18.7266437035 -1.39112107192
35.077653022 10.6079928638 -1.13853960786
-31.9844778111 9.99935162235 -1.64655862771
33.4934636302 11.7175471357 -1.14065903245
-30.42083638 11.1374749188 -1.62483213644
6.13974157395 19.3051950613 -1.27898147156
-3.2103719675 19.2203354745 -1.34981184122
3.31985738154 19.3951431504 -1.29932726867
-0.392600115127 19.3614496976 -1.32745042842
39.8077472084 5.65066717748 -1.14666863364
-36.6231562888 4.95699700309 -1.72565937251
28.7037337164 14.3143310907 -1.15373037152
-25.6793761518 13.8207618722 -1.56570138748
26.1868309707 15.3610650386 -1.16339330403
-23.1820276332 14.9130040686 -1.53737961862
10.3271929906 18.9835139105 -1.2504223432
-7.39124753768 18.8227052171 -1.38464570709
36.8087529453 9.17233717089 -1.13818601883
-33.6890435431 8.53251457889 -1.67223140374
5.4399618188 19.3368900362 -1.28394805492
-2.51128777771 19.2647262328 -1.34418154253
25.8819021811 15.47629174 -1.16466586723
-22.8792560377 15.0337461259 -1.53404863955
13.1866740211 18.629094101 -1.23210492275
-10.2437745307 18.4164444712 -1.40959873871
4.63995880571 19.3655233786 -1.28969278456
-1.71194098615 19.3078749244 -1.33781063984
10.0396846278 19.0129705005 -1.25231840249
-7.10432541134 18.8573752126 -1.38219025518
11.9920350708 18.7909188114 -1.23963667918
-9.05229231448 18.5999250958 -1.39905479547
32.5866515645 12.2860016329 -1.14245836691
-29.5245673816 11.7222937856 -1.61297250326
21.3721646371 16.9338358815 -1.18565445271
-18.3969139006 16.5729004171 -1.48691908668
38.4807388143 7.44668054345 -1.14082514673
-35.3292031715 6.77679764286 -1.69996118844
7.57418474223 19.2206751517 -1.26897260236
-4.64303191463 19.1097943637 -1.36152227762
30.1399830052 13.6305829467 -1.14897624682
-27.1028867037 13.111059173 -1.58261094052
23.8125103433 16.1996456625 -1.17381754232
-20.8234320724 15.7945396053 -1.51195036683
19.9464810138 17.3094276211 -1.19303862496
-16.9783334812 16.9743060755 -1.47275696727
32.7363088642 12.1951199191 -1.14213561416
-29.6725383308 11.6287108629 -1.61490438825
1.63149617079 19.4011929891 -1.31192928641
1.29537034931 19.3981423846 -1.31447555669
19.9910322919 17.29824998 -1.1928029597
-17.0226730152 16.9623216808 -1.47319468089
19.0336797228 17.5307692487 -1.19793459174
-16.069730261 17.2121783724 -1.4638551599
18.096329883 17.7432213878 -1.20309271796
-15.1364200458 17.4416082133 -1.45484238407
7.81734159163 19.2037228434 -1.26729904744
-4.8858384925 19.0884315576 -1.36353006509
15.8144031438 18.2007151465 -1.21617484426
-12.8632359328 17.9404431624 -1.43341795769
14.2255831657 18.4718551797 -1.22570013061
-11.2796366191 18.2403753797 -1.41891106195
15.4068567701 18.2738737819 -1.2185864365
-12.4570946829 18.0209866489 -1.42966558251
18.8153653886 17.5815738343 -1.19912431643
-15.8523809708 17.2669369458 -1.46174458076
33.7411702679 11.5544634205 -1.14023612942
-30.6655203862 10.9699223737 -1.62813926419
3.95061664645 19.3837223606 -1.29469978612
-1.02304592383 19.3385824862 -1.33237701398
38.2298846952 7.73494727311 -1.14017106045
-35.0836608281 7.06956955832 -1.6955467259
39.7199466246 5.78817182612 -1.14611783735
-36.5378841621 5.09607242182 -1.72379749009
9.90007026084 19.0268755288 -1.25324263991
-6.96498842462 18.8738119424 -1.38100133884
13.0423722008 18.6497094698 -1.2330052994
-10.0998735482 18.4396755057 -1.40831587866
37.0168535295 8.97926591809 -1.13832362902
-33.8935798291 8.33569832405 -1.67549488206
3.40934068523 19.3938267302 -1.2986681152
-0.482044504195 19.3585093687 -1.3281467146
7.82003337191 19.2035308943 -1.26728055863
-4.88852631689 19.0881907843 -1.36355232865
16.2743413555 18.1151003373 -1.21348005799
-13.3215326013 17.8464946542 -1.43767912074
34.7550159363 10.8475782411 -1.13885157056
-31.6662744092 10.2447531279 -1.64201600031
35.2312416393 10.4912080223 -1.13841512228
-32.1359058592 9.87979851623 -1.6487447497
39.300371089 6.40242076014 -1.14386244836
-36.1296080724 5.71783475624 -1.71527083644
27.993258862 14.6280966825 -1.156297218
-24.9747555114 14.1473705614 -1.55754839226
20.3933529575 17.1957002361 -1.1906889372
-17.4230520897 16.8524868096 -1.47716138875
13.0647948463 18.6465255275 -1.23286522172
-10.1222342638 18.4360851193 -1.40851505055
5.96700330436 19.3135974922 -1.28020236868
-3.03781597457 19.2318717206 -1.34841701392
37.3583296809 8.65075514959 -1.13865226945
-34.2289934183 8.00104425222 -1.68095119826
19.2838134817 17.4715566279 -1.19658028435
-16.3187399789 17.1484356345 -1.46628203835
2.79882985019 19.4008154617 -1.30318279018
0.128237262175 19.3765777471 -1.32341346004
30.3042400003 13.5478344219 -1.14847255602
-27.2656036185 13.0253431045 -1.58458419108
32.9301874988 12.0757084356 -1.14173222534
-29.8642016903 11.5058002845 -1.61742161444
22.6668451955 16.559354487 -1.1792424594
-19.6845332915 16.1749826327 -1.50006891571
35.1553443732 10.5491447578 -1.13847464752
-32.061080398 9.93910317825 -1.64766249774
3.20601580561 19.3966728526 -1.30016712581
-0.278805394737 19.3650453771 -1.32656586126
16.3511792213 18.1004789245 -1.21303266367
-13.3980904059 17.8304810558 -1.4383937521
5.84729589814 19.3191976224 -1.28105040718
-2.91823081359 19.2396436179 -1.3474523278
17.1931479164 17.934198845 -1.20818353763
-14.2368794299 17.6489467865 -1.44627695172
33.8180908407 11.5030933511 -1.14011120124
-30.7414890376 10.9171647151 -1.62917252519
30.6613108843 13.3644985802 -1.14740795935
-27.6192634711 12.8355568259 -1.5889036275
17.365147389 17.8988473978 -1.20720510802
-14.4082040608 17.6104794048 -1.44789932188
37.0544105305 8.94386421268 -1.13835336238
-33.930483377 8.29962083098 -1.67608868004
6.06879430157 19.3086920959 -1.27948251568
-3.13950040059 19.2251196259 -1.34923855819
11.1718464972 18.8905279391 -1.24490870738
-8.23406090586 18.7144041651 -1.39191522113
6.92600303735 19.2621366567 -1.27346656445
-3.99571576744 19.163013524 -1.35620239186
2.18063327219 19.4031380776 -1.30779609754
0.746288803142 19.3901202807 -1.31866175692
13.0697084428 18.6458268592 -1.23283453412
-10.1271342717 18.4352973849 -1.40855870442
33.5999847693 11.6478492139 -1.140473366
-30.5260656126 11.0658551969 -1.62625055287
2.62272233382 19.4019641292 -1.30449271516
0.304294557664 19.3809225854 -1.3220556138
23.4076635519 16.3299110312 -1.17570682989
-20.421033994 15.9321313521 -1.50772449309
14.9054614971 18.3604409789 -1.22158359333
-11.9573652437 18.1166398349 -1.42507887064
19.5920169764 17.3971085532 -1.19492465873
-16.6255312595 17.0684060016 -1.46928521255
33.627792128 11.6295477233 -1.14042583704
-30.5535337656 11.0470520378 -1.62662175518
16.6222934202 18.0481541442 -1.21146053984
-13.6682030075 17.7732442193 -1.44092160996
8.36099929983 19.1630447603 -1.26358166319
-5.42866230888 19.0378928056 -1.36804315714
5.92327363508 19.315664373 -1.28051197532
-2.9941313483 19.2347319545 -1.3480644268
28.8194911851 14.2617394918 -1.15332507862
-25.7941529228 13.766077995 -1.56704247181
7.0554666424 19.2542875512 -1.27256517031
-4.12501439221 19.152815949 -1.35726121181
20.3194990201 17.2147437056 -1.19107508757
-17.3495585632 16.8728675724 -1.47643133071
16.3346943766 18.1036235364 -1.21312858002
-13.381665787 17.8339243468 -1.43824036779
5.12617539086 19.3490851897 -1.28619284167
-2.19777636924 19.2826146044 -1.34167432949
25.562942267 15.5943504408 -1.1660187032
-22.562507421 15.1575743783 -1.53058576178
13.7455981074 18.5464363343 -1.22864218461
-10.8010947108 18.3236559156 -1.41459194002
31.8263100779 12.7312118308 -1.14424335957
-28.772491481 12.1812303531 -1.60330040696
39.6732221721 5.85996648305 -1.14583686033
-36.4924800274 5.16870321767 -1.72281860691
18.6222472642 17.6258406038 -1.20018266054
-15.660104184 17.3147014753 -1.45988342407
9.95591901914 19.0213444651 -1.25287265028
-7.02072679613 18.8672681383 -1.38147666063
18.0799936237 17.7467939352 -1.20318375827
-15.1201518112 17.4454766719 -1.45468643397
13.3402322592 18.6068305945 -1.23114965416
-10.3969002635 18.3913975681 -1.41096670811
18.3971991647 17.6766343213 -1.2014229541
-15.436022047 17.3695714006 -1.45772139951
16.9471315645 17.9839419926 -1.20959023629
-13.991813313 17.7031468913 -1.44396352948
38.7276143704 7.14999750233 -1.1415830489
-35.5706137432 6.47568302358 -1.70441802825
15.7619227497 18.2102776667 -1.21648414245
-12.8109390705 17.9509566181 -1.43293353163
32.1965302108 12.5177951126 -1.14334466639
-29.1387484558 11.9611295297 -1.60798078461
20.6078868839 17.1398197519 -1.18957217495
-17.6365288008 16.7927217944 -1.47928695629
16.1727557732 18.1342904846 -1.21407278291
-13.2203147128 17.8675254015 -1.43673553867
22.3263866428 16.6610350657 -1.18090043246
-19.3459901751 16.2828256821 -1.49658321442
37.7585821711 8.24520425832 -1.13921766828
-34.6217651302 7.58829604662 -1.68752403188
20.0958140144 17.2718213819 -1.1922499168
-17.1269541786 16.9339956737 -1.47422536223
13.4450556579 18.591439362 -1.23049926079
-10.5014248836 18.3741063386 -1.41190219896
13.7984550126 18.5383870132 -1.22831676055
-10.8537956863 18.3146485742 -1.41506615371
32.7719495261 12.1733117185 -1.14206020045
-29.707774377 11.6062594008 -1.61536589032
28.8025010736 14.2694849734 -1.1533843324
-25.7773072348 13.7741305629 -1.56684540761
39.5669228215 6.01993690455 -1.14522720847
-36.3891229272 5.3305764353 -1.72062073434
34.3890229112 11.1104588342 -1.13928370375
-31.3051481496 10.5142328966 -1.63693995143
37.2279157105 8.77800846197 -1.13851101168
-34.1009275585 8.13064347104 -1.67885186566
12.769441219 18.6878937716 -1.234715361
-9.82768594595 18.4828071846 -1.40589647695
33.5448849208 11.6839823046 -1.14056869586
-30.4716354992 11.1029823576 -1.62551615508
8.85024534253 19.1231413786 -1.26026531363
-5.91709765129 18.9891162013 -1.37213308491
22.6850489169 16.5538519137 -1.17915438979
-19.7026333932 16.1691505739 -1.50025586022
22.9981250768 16.4581565184 -1.17764904259
-20.0139080826 16.0677887067 -1.50348018836
5.05053671485 19.3518385211 -1.28673558895
-2.12220058059 19.2867403252 -1.34107157448
1.78478998789 19.4021152845 -1.31077215535
1.14208510593 19.3962822355 -1.31564086889
20.9208333671 17.0567914419 -1.18795643353
-17.9479054172 16.7040272643 -1.48240068
29.8003355936 13.798612666 -1.15004481292
-26.7663676027 13.2852256318 -1.57855730957
13.5027904059 18.582894939 -1.23014162741
-10.5589938411 18.3645154444 -1.41241803135
24.1485725191 16.0888176305 -1.17227294494
-21.1574123056 15.6776304149 -1.51548157428
20.0054995125 17.2946126409 -1.19272649852
-17.0370713367 16.9584223644 -1.47333688625
4.30179825342 19.375198228 -1.29214242689
-1.37401342089 19.3236858018 -1.33513867899
37.6220349209 8.3862176794 -1.13900140702
-34.4878185735 7.73176441037 -1.68525868573
33.9240053511 11.4317821434 -1.13994426546
-30.8460822477 10.8439429854 -1.63060025877
9.28174727718 19.0853388924 -1.25736331768
-6.34783687586 18.9434882028 -1.37576286633
28.7554260367 14.2908980338 -1.15354892709
-25.730631487 13.7963944849 -1.56629980742
1.70699001955 19.4016839125 -1.31135910192
1.21988005173 19.3972630089 -1.31504912974
35.8393378083 10.0101285311 -1.13808664789
-32.7351059337 9.38776186828 -1.65756196523
35.8301730506 10.0176133489 -1.13808953798
-32.7260795357 9.39541178504 -1.65742705098
2.88251995194 19.4001335234 -1.30256148176
0.0445735140683 19.3743769419 -1.32405991537
14.2476144473 18.468351405 -1.22556579831
-11.3016001883 18.2364723173 -1.41911000598
14.0546096718 18.4988053496 -1.22674473212
-11.1091842026 18.2704242565 -1.41736924317
33.694305994 11.5855899956 -1.14031374525
-30.6192329509 11.0018943734 -1.62751122334
25.8696153933 15.4808859452 -1.1647175723
-22.8670552808 15.0385625747 -1.53391484293
2.0587050894 19.4030318231 -1.30871095127
0.868198697528 19.3922270473 -1.31772945221
9.11318432276 19.1003981986 -1.25849439271
-6.1795772077 18.9616044375 -1.37434239257
27.769248344 14.7239087474 -1.15713394293
-24.7525338186 14.2472325323 -1.55500475263
36.5296816569 9.42345200766 -1.13807006718
-33.4146094937 8.78865290913 -1.66792245619
5.49013861767 19.3348242999 -1.2835901134
-2.56141848476 19.2617501275 -1.34458346533
