32.6334138765 16.0217960681 -1.13401211227
33.1286096754 -7.96776502524 -1.13600460912
40.8380534126 4.87065026429 -1.18732784852
40.8660891784 3.51246887899 -1.18744065476
40.8591031906 4.58820584577 -1.18745129472
40.875465479 3.79554137339 -1.18751713091
34.3193852628 14.859740145 -1.14502731848
34.7651906576 -6.7371227088 -1.1468210854
28.8613471416 18.0936176573 -1.10933975766
29.4452534126 -10.1934865437 -1.11168919481
35.5215967879 13.9022852047 -1.15287513412
35.9268670771 -5.73087078042 -1.15450580177
39.5311870674 9.11083633596 -1.17896500977
39.735314535 -0.778036641458 -1.17978634819
40.520824729 6.6448176023 -1.18533700202
40.6223447398 1.72672155098 -1.18574548348
23.1573089222 20.3252793851 -1.07198338531
23.8381674986 -12.6586402149 -1.07472292504
27.0090891918 18.9165030443 -1.09721427816
27.6285310739 -11.0921095257 -1.09970669833
33.0878921426 15.7261798313 -1.13698234905
33.5705016884 -7.65364530146 -1.13892420316
26.2574839641 19.2212302503 -1.09229249366
26.8901411879 -11.4275942276 -1.09483808779
38.0302185877 11.3538184369 -1.16922202023
38.3281851084 -3.08104968392 -1.17042093459
40.5245003394 6.63116103504 -1.18536043185
40.6254536578 1.7405181691 -1.18576663313
40.6663593466 6.03399183786 -1.18626101458
40.7425486261 2.34303287096 -1.18656757392
40.2459872528 7.51594654922 -1.18357719245
40.383689993 0.84499274717 -1.18413126071
21.8340077184 20.7299786008 -1.06331100004
22.5326941526 -13.1176043887 -1.06612227291
39.4911965355 9.18477142187 -1.17870617079
39.6984091254 -0.853559065866 -1.17953992267
26.7323670192 19.0305356026 -1.09540229737
27.3567503747 -11.2174646545 -1.09791460032
39.3229813594 9.4839682448 -1.17761677668
39.5426841066 -1.15944288337 -1.17850078465
26.936062002 18.9468085105 -1.09673610622
27.5568166989 -11.1254028459 -1.0992338087
39.7921075393 8.59694699151 -1.18065216401
39.9748062285 -0.253817447598 -1.18138728043
40.4669668508 6.83725285318 -1.18499328693
40.5764739064 1.53222763197 -1.18543390549
40.8676185871 4.42491844723 -1.18749865647
40.8772352913 3.95904108623 -1.18753735076
40.0963938843 7.90708228082 -1.18261496937
40.250364933 0.448016820296 -1.18323449569
28.9138566166 18.0686722164 -1.10968341666
29.4966887414 -10.1663954033 -1.11202853181
28.7167116423 18.1618418673 -1.10839313547
29.3035565091 -10.2676214226 -1.11075439651
40.8520507519 4.69550545654 -1.18741060167
40.8728469477 3.68804212786 -1.18749427837
40.733440881 5.6783457786 -1.18668302717
40.7948966813 2.70114427731 -1.18693030408
22.6234706764 20.4929767674 -1.06848505672
23.3117043215 -12.8482250627 -1.07125427118
30.8237727685 17.092163158 -1.12217961788
31.3646806255 -9.11190018905 -1.12435604426
40.2728247003 7.44088124187 -1.18374956059
40.4074068821 0.921101631635 -1.1842910728
32.6796284724 15.9922750139 -1.13431417551
33.1735666669 -7.9363619449 -1.13630161219
23.2131647336 20.3073770261 -1.07234939878
23.8932369579 -12.6384480607 -1.0750857745
17.0157657234 21.9200406252 -1.03171927646
17.7676665216 -14.5054908046 -1.03474466556
34.6622659295 14.5991822863 -1.14726623818
35.0970268795 -6.46263688366 -1.14901556607
25.7781552909 19.4075163314 -1.089153252
26.4189082431 -11.6335024503 -1.09173142055
22.7078128892 20.4668876793 -1.06903778625
23.3948980767 -12.8186775828 -1.07180237971
40.3375058778 7.25259975368 -1.1841645995
40.4642632069 1.11189197988 -1.18467462721
38.1375372995 11.2194925466 -1.1699200094
38.4298692154 -2.94240941485 -1.17109625205
19.3276879947 21.4011741652 -1.04688057739
20.0562074691 -13.8916584434 -1.04981188811
34.9581002864 14.3666974468 -1.14919755445
35.3830153487 -6.2181416603 -1.15090726589
36.1293356163 13.3655179409 -1.15683956871
36.5119375922 -5.16948073212 -1.1583790269
33.0431387551 15.7558245589 -1.13668989198
33.527009764 -7.685111649 -1.13863682178
40.4151319731 7.0106234485 -1.18466186034
40.531837615 1.35686561294 -1.18513144353
40.2903477864 7.39093975273 -1.18386205682
40.4228541212 0.971723716728 -1.18439521654
21.6115432549 20.7944622542 -1.06185287053
22.3130802235 -13.191213726 -1.06467561297
37.043703492 12.4722217847 -1.16279971798
37.388663184 -4.23921160223 -1.16418771663
38.6731625324 10.5004619354 -1.17340110246
38.9353661603 -2.20188724914 -1.17445611928
32.0698742029 16.372473663 -1.13032827163
32.5800213593 -8.34139992507 -1.13238092757
35.3585571253 14.0397319728 -1.15181124063
35.7696382737 -5.8749287487 -1.15346528917
24.4481359106 19.8936612738 -1.08044101091
25.110083439 -12.1741202151 -1.08310445912
24.9183192455 19.7268001461 -1.08352119159
25.5729804395 -11.9879978064 -1.0861553221
39.4072212894 9.3364183891 -1.17816245084
39.6207633824 -1.00854232386 -1.17902167046
39.7994674339 8.58155469169 -1.18069970716
39.9815246643 -0.238134533277 -1.18143224257
25.6513175604 19.4557984631 -1.08832250724
26.2941710037 -11.6869777642 -1.09090912744
33.6049949206 15.3746898492 -1.14036107184
34.0726591419 -7.28111505412 -1.14224279113
25.7935072534 19.4016440514 -1.08925380073
26.4340047984 -11.6270016311 -1.09183094161
28.6545713888 18.1909356878 -1.10798642345
29.2426697957 -10.2992548497 -1.11035272829
24.1892649539 19.9832824098 -1.0787450238
24.8551313704 -12.2743480367 -1.08142424026
16.4573638424 22.0319829397 -1.02805664264
17.2143598069 -14.6403817666 -1.03110253292
39.2019540704 9.68864509122 -1.17683242398
39.4302062511 -1.36893990233 -1.17775083191
33.732039084 15.285704286 -1.14119103362
34.1959229425 -7.18696246305 -1.14305754203
37.7327081198 11.7118377555 -1.16728628995
38.0457023483 -3.45104161852 -1.16854567061
31.067772552 16.9568485686 -1.12377550484
31.6028885715 -8.96663153861 -1.12592862686
34.4797850986 14.738999189 -1.14607474716
34.9204712764 -6.60986526143 -1.14784791611
40.7554663047 5.54373365857 -1.1868206524
40.811348346 2.83655066765 -1.18704550243
31.0189904651 16.9841098117 -1.12345645527
31.5552730211 -8.99588268751 -1.12561427103
19.403462626 21.3825979098 -1.04737741555
20.1311509708 -13.8699709614 -1.05030538209
39.3867493907 9.37268270751 -1.17802986307
39.6018054311 -1.04562058013 -1.17889517429
30.6739868303 17.1739589014 -1.12119987226
31.2183977228 -9.19980758748 -1.12339039364
40.5766350373 6.42905045016 -1.18569231773
40.6692035099 1.9446080683 -1.18606478129
37.5550231771 11.9164857637 -1.16612971356
37.8766139131 -3.66284795948 -1.16742368359
21.4867815874 20.8301918871 -1.06103510512
22.1898992786 -13.2320615595 -1.06386420784
17.5875317019 21.8001437259 -1.03546928996
18.3339976902 -14.3621005273 -1.03847281126
14.8442044549 22.3276585636 -1.01747425454
15.6147761516 -15.0023770248 -1.02057476888
28.5737473457 18.2285834029 -1.10745741461
29.1634681996 -10.3402059232 -1.10983024763
28.2896802183 18.3591875445 -1.1055980508
28.8850326568 -10.4824216288 -1.10799354337
40.4460825482 6.90837748566 -1.18485982189
40.5585424724 1.46030173857 -1.18531232178
19.9494721764 21.2456723604 -1.05095732283
20.6710449361 -13.7106294506 -1.05386068237
29.6968383402 17.6851372319 -1.11480719267
30.263176259 -9.75087521727 -1.11708594083
33.3283725185 15.564804312 -1.13855374502
33.8041177765 -7.48248315938 -1.1404679796
26.730815643 19.0311687759 -1.09539213862
27.355226449 -11.2181613103 -1.09790455202
40.7679469176 5.46196071193 -1.18689834833
40.8204438284 2.91876900278 -1.18710957776
29.3765725012 17.8446846057 -1.11271153634
29.949767232 -9.92350334006 -1.11501787394
39.5581677067 9.06029352097 -1.17913960742
39.7601864561 -0.726423450529 -1.17995246109
25.9124633444 19.3559329604 -1.09003290082
26.5509732107 -11.5764204256 -1.09260204397
18.0080757434 21.7084848676 -1.03822730905
18.7504010315 -14.25316483 -1.0412141696
37.4850875553 11.9953021451 -1.1656744017
37.8099903575 -3.74448328855 -1.16698169835
18.695549267 21.5521702537 -1.04273556918
19.4308383406 -14.0686128672 -1.04569411843
40.8683958004 4.40686835385 -1.18750281388
40.8772669749 3.97710787741 -1.18753850842
23.8194433823 20.1086121278 -1.07632200426
24.4907967758 -12.4148327072 -1.07902329842
37.0716286963 12.4430322315 -1.16298164334
37.4153600439 -4.2088945031 -1.16436469955
34.1770604936 14.9652418393 -1.14409783615
34.6273408341 -6.84840795825 -1.14590960871
40.7787383006 5.3873790498 -1.18696532451
40.8281482805 2.99373246856 -1.1871641332
38.9938282337 10.022787659 -1.17548266652
39.236046665 -1.7113867203 -1.17645726982
20.6599014464 21.0592749031 -1.05561481366
21.3731770173 -13.4950729379 -1.05848478818
34.8570699726 14.4469252761 -1.14853803486
35.2853818349 -6.30247044393 -1.15026141385
36.4647586901 13.0509639561 -1.15902665669
36.8340943326 -4.84135253601 -1.16051273574
28.3545614467 18.3295902523 -1.10602274367
28.9486372336 -10.4501720449 -1.10841309944
36.3587768545 13.1518775445 -1.15833569437
36.7323671478 -4.94655379577 -1.15983889267
38.8001895034 10.3161026141 -1.17422593889
39.054677024 -2.01244285418 -1.17524990877
38.0490853966 11.3304133022 -1.16934473891
38.346069993 -3.05688589565 -1.17053970234
39.0860277988 9.87736138194 -1.17608074447
39.3221664285 -1.562279454 -1.17703088475
40.6600471807 6.06428616677 -1.18622113784
40.7374919839 2.31250385935 -1.18653274898
32.3506453503 16.1998686392 -1.13216377457
32.8534304925 -8.1573551337 -1.13418680831
21.3530628951 20.8681434442 -1.06015861178
22.0578606303 -13.275499061 -1.06299447442
35.7667573177 13.690560935 -1.15447463107
36.163081606 -5.50920963818 -1.15606930311
18.7795891221 21.5325014106 -1.04328664973
19.5139949379 -14.0454926408 -1.04624164505
32.9996196443 15.784537349 -1.13640549472
33.484712607 -7.71559591712 -1.13835734124
33.3878168785 15.5243620389 -1.13894214949
33.8618425797 -7.4396222005 -1.14084946517
39.1045125056 9.84772138556 -1.17620062519
39.3394122445 -1.53190188379 -1.1771457806
38.3596146143 10.9318180237 -1.17136386562
38.6398859774 -2.64581531115 -1.17249158078
36.1959900741 13.3041159699 -1.15727423961
36.576001414 -5.10538038514 -1.15880327398
17.8360042503 21.7463478622 -1.03709884575
18.5800385989 -14.2980965794 -1.04009258297
40.8716395934 4.32119514368 -1.18751962196
40.8769725549 4.06284197056 -1.18754107995
40.5894837076 6.37655769328 -1.1857739705
40.6798750327 1.99758634505 -1.18613767397
39.2096302381 9.67590416723 -1.17688218428
39.4373501041 -1.35589305336 -1.17779845036
38.9887343888 10.0307084774 -1.17544961791
39.2312840252 -1.71951100298 -1.17642555387
32.9654003128 15.8070357481 -1.13618186736
33.4514508599 -7.73948730665 -1.13813756687
40.5366540786 6.58548118877 -1.18543787721
40.6357119878 1.7866606606 -1.18583645202
30.5659641459 17.2323610161 -1.12049326803
31.11287712 -9.26261780849 -1.12269385692
29.2394511322 17.9118519839 -1.11181422397
29.8155344459 -9.9962721959 -1.11413218424
28.9661743064 18.0437233897 -1.11002581551
29.5479323086 -10.1393087944 -1.11236660876
38.5507815018 10.6726286429 -1.17260614754
38.8201941307 -2.37895768906 -1.17369017089
23.1620290692 20.3237691672 -1.07201431575
23.8428213031 -12.6569364934 -1.07475358854
39.4126716976 9.32671808214 -1.17819774843
39.625808848 -0.998625353901 -1.1790553387
33.0536973738 15.7488412905 -1.13675889163
33.537271212 -7.67769859861 -1.13870462572
38.8260872556 10.2777641607 -1.17439406373
39.078970614 -1.9730683168 -1.17541157902
31.8112957008 16.5278768059 -1.12863766304
32.3280761018 -8.5073416478 -1.13071700887
40.7810075676 5.37118045721 -1.18697938153
40.8297471521 3.0100109099 -1.18717549278
33.5958993958 15.3810195963 -1.14030164989
34.0638325729 -7.28781476134 -1.14218445137
38.5099132796 10.7290041288 -1.17234061956
38.7816871519 -2.43697169199 -1.17343414375
26.5398467243 19.1085955103 -1.09414160472
27.1676153532 -11.3034029517 -1.09666752883
37.2505136739 12.2529920306 -1.16414687129
37.5862503075 -4.01163400303 -1.16549775953
37.8213682588 11.6072414084 -1.16786326086
38.1299706167 -3.34287556526 -1.16910497016
33.3226964535 15.5686543565 -1.13851665747
33.7986054253 -7.48656416287 -1.14043155079
30.0810554586 17.4886432976 -1.11732104618
30.638957426 -9.53869287973 -1.11956585098
26.0322952172 19.3095082242 -1.09081771701
26.6687872089 -11.5250900412 -1.09337874093
37.0540413833 12.4614304817 -1.16286706739
37.3985469476 -4.22800287005 -1.16425323878
33.7761005875 15.2545896172 -1.14147886799
34.2386629126 -7.15405597902 -1.14334005901
36.3526639034 13.1576541768 -1.15829583788
36.7264977866 -4.95257777514 -1.1598000163
13.632094242 22.5236828736 -1.00952139061
14.4117877554 -15.2482554484 -1.01265860799
26.0468843866 19.3038301378 -1.09091326465
26.6831296346 -11.518814729 -1.09347329576
11.5015444358 22.8163194171 -0.995539757655
12.2951290103 -15.6285657692 -0.998732867863
39.0349016895 9.95849017545 -1.17574912647
39.2744317879 -1.64544899858 -1.17671291285
34.8146202963 14.480373972 -1.14826091233
35.2443486366 -6.33764245024 -1.14998999074
20.8295120611 21.0133645329 -1.05672668687
21.5407485793 -13.4422022231 -1.05958845694
38.1083362114 11.2563316238 -1.16973010393
38.4022132291 -2.98042217452 -1.17091256353
15.8425531111 22.1494642922 -1.02402371231
16.6049208717 -14.7831349161 -1.02709121684
40.1010427832 7.89554279516 -1.18264490465
40.2545336754 0.45973832573 -1.18326249898
28.8694747135 18.0897627228 -1.10939295054
29.4532149807 -10.1892994862 -1.11174171974
40.8671995104 4.43434950266 -1.18749639892
40.87720576 3.94960077033 -1.18753666061
32.3743703774 16.1850939694 -1.13231886372
32.8765256076 -8.14161397062 -1.13433936291
22.9107551687 20.4034917365 -1.07036771859
23.5950513381 -12.7469606668 -1.07312109
13.0685686034 22.6074245494 -1.0058236133
13.8521979007 -15.3551812407 -1.00897666691
36.3061400308 13.2014638131 -1.15799249374
36.6818214242 -4.99827002891 -1.1595041059
39.5770488969 9.02459669062 -1.17926177459
39.7775784722 -0.689977843909 -1.18006863633
26.8083404445 18.9994450062 -1.09589978385
27.4313760756 -11.1832652882 -1.09840666402
40.6138695153 6.2735521129 -1.18592876377
40.6999893679 2.10151052775 -1.18627528031
17.8812395181 21.7364426172 -1.03739550603
18.624826576 -14.2863330131 -1.0403874435
20.0142856868 21.2290569646 -1.05138225308
20.7351175724 -13.691353499 -1.0542826316
36.5413656803 12.9771044245 -1.15952605775
36.9075881264 -4.76439452162 -1.16099961038
40.7415055382 5.63034962983 -1.18673348687
40.8009738264 2.74943235081 -1.18697276672
39.277507337 9.5618423527 -1.17732211998
39.5004624281 -1.23912726577 -1.17821921425
20.6789379961 21.0541494515 -1.05573960817
21.3919858401 -13.4891662563 -1.0586086664
30.4155623429 17.3128692972 -1.11950940871
30.9659257477 -9.34926425672 -1.12172388094
33.467812397 15.469584923 -1.13946481495
33.9395094834 -7.38159050926 -1.14136276109
31.1350766791 16.9190633495 -1.12421568504
31.6685760943 -8.9261010151 -1.12636230241
40.3132950613 7.32436560363 -1.18400931406
40.4430345536 1.0391881374 -1.18453134096
40.8287258591 4.97015702509 -1.18727179916
40.8608758852 3.41266195612 -1.18740115976
13.3457055417 22.5668196692 -1.00764217797
14.1274231294 -15.3031741236 -1.01078753952
35.0155542809 14.3206779778 -1.14957258976
35.4385213295 -6.16979039444 -1.15127446307
40.7207310505 5.75131220025 -1.18660336252
40.7852087604 2.62771550599 -1.18686279855
38.166281804 11.1830130925 -1.17010693417
38.4570838474 -2.90477481401 -1.17127702114
31.0085987636 16.9899035268 -1.1233884897
31.5451292593 -9.00210030965 -1.12554730308
34.5808974911 14.6618556557 -1.14673496807
35.0183140776 -6.5286147592 -1.14849498132
36.0211740607 13.4640404387 -1.15613416068
36.4079338719 -5.27238289027 -1.15769034857
18.6062468384 21.5729359061 -1.0421499729
19.3424689145 -14.0930461432 -1.04511227622
36.2634356384 13.241438573 -1.15771404079
36.6408030357 -5.0399730516 -1.15923243685
20.2296364128 21.1732919142 -1.05279410588
20.9479836117 -13.6267489059 -1.05568448688
40.6318226014 6.19459056801 -1.18604255981
40.714668679 2.18114569285 -1.1863759038
40.8638314839 4.5039413275 -1.18747792951
40.8767124268 3.87992923666 -1.18752975797
24.2764832005 19.9532632261 -1.07931644138
24.9410365273 -12.2407551215 -1.08199037441
34.4080373435 14.7932523189 -1.14560623925
34.8510234871 -6.66703304614 -1.14738866248
40.2869279548 7.40074599803 -1.18384010502
40.419841874 0.961784696062 -1.18437490472
39.1891353637 -1.79087548608 -1.17614490043
38.9436766558 10.1002727866 -1.17515725937
40.477323689 1.15756350769 -1.18476283057
40.3524399469 7.20750610851 -1.18426034153
30.4156767312 -9.66546324525 -1.1180923077
29.8527335734 17.6060913745 -1.11582721889
12.7857730038 -15.5461989664 -1.00196056658
11.995169477 22.7542705674 -0.998779451073
15.6827325788 -14.9878231642 -1.02102198517
14.9127035827 22.3159215117 -1.01792365447
20.4640875721 -13.7723584072 -1.05249779628
19.7401437605 21.2988080618 -1.04958489644
26.1769829604 -11.7368316354 -1.0901366204
25.5321720401 19.5007737757 -1.08754212399
32.0717432659 -8.67272021563 -1.12902429481
31.5483565974 16.682536208 -1.12691836764
34.923526052 -6.60734112401 -1.14786811764
34.4829414348 14.7366032656 -1.14609535733
30.2008305995 -9.78552444018 -1.11667452933
29.6331159314 17.7171840717 -1.1143902416
19.548680543 -14.0358120564 -1.04647002685
18.8146446657 21.5242604705 -1.04351652003
19.6591908817 -14.0048239517 -1.04719767207
18.9263396421 21.4978592797 -1.04424893183
17.8494968838 -14.4851076639 -1.0352833354
17.0983675227 21.9030518055 -1.03226105031
35.8431891276 -5.80787537694 -1.15395201813
35.4348123951 13.9757710013 -1.15230885122
17.8851915613 -14.4761811662 -1.03551830685
17.1344001605 21.8956059519 -1.03249738159
31.8991436929 -8.78218112426 -1.12788461955
31.371386965 16.7847810705 -1.12576110878
18.4203651349 -14.3397522083 -1.03904139152
17.6747478151 21.7813786372 -1.03604128498
25.8238810666 -11.8848269762 -1.08780907899
25.1732636603 19.6340713145 -1.08519121928
24.9457681381 -12.2388995911 -1.08202155706
24.2812873522 19.9516045393 -1.0793479159
16.5475415249 -14.7962655115 -1.02671356329
15.784680787 22.1602157839 -1.02364407519
12.8871789408 -15.528745352 -1.00262768756
12.0972092837 22.7410166189 -0.999449122529
32.3438200156 -8.49707198415 -1.13082098094
31.827449998 16.5182656069 -1.12874328635
29.0023287518 -10.4228398352 -1.10876727153
28.4093351374 18.3044970555 -1.10638127006
35.4108120301 -6.19396544029 -1.15109115155
34.9868709616 14.3436889288 -1.14938535912
35.4242151334 -6.18228123148 -1.1511798196
35.000744816 14.3325677895 -1.14947592132
16.1749650792 -14.8802439935 -1.02426144489
15.4089562085 22.2287473255 -1.02117928979
12.4135303597 -15.6090037047 -0.999511753934
11.620652186 22.8016601775 -0.996321486038
25.890259914 -11.857257482 -1.08824661514
25.2407236642 19.6092646131 -1.08563310563
17.4524301201 -14.5829655399 -1.03266959422
16.6976007318 21.9844402567 -1.02963242149
20.0192551168 -13.9023136032 -1.04956856331
19.2903274173 21.4102953068 -1.04663561003
40.4646214093 1.11313476728 -1.1846770458
40.3379150607 7.25137280717 -1.18416722322
40.2890953973 0.558497339899 -1.18349474845
40.1396505212 7.79829419491 -1.18289343389
40.8035191512 2.77022760178 -1.18699058156
40.7449068459 5.6096771333 -1.18675474589
29.6406344995 -10.0900613331 -1.11297821992
29.0608298081 17.9983434938 -1.11064528611
28.4824870196 -10.683338449 -1.1053383915
27.8791863197 18.5433210478 -1.10291091788
38.5266629952 -2.80749866514 -1.17173924566
38.239815945 11.0886911858 -1.17058507221
13.0801299207 -15.4951258485 -1.00389707901
12.2913832629 22.7153884129 -1.00072343491
30.9201482501 -9.37606223341 -1.12142172945
30.3687179772 17.3377553102 -1.1192029645
39.3740442674 -1.47035404985 -1.17737653628
39.1416549024 9.78765516817 -1.17644148175
38.1044477644 -3.37582684333 -1.16893556164
37.7945073581 11.6391113453 -1.1676884685
38.982384598 -2.12799085806 -1.17476889862
38.7231903765 10.4285688399 -1.1737259906
29.7051975484 -10.0555736575 -1.11340419045
29.1267610508 17.9665495704 -1.11107676179
31.1872726175 -9.21838653527 -1.1231849355
30.6421215474 17.1912375586 -1.1209914359
19.2182385038 -14.1271581891 -1.04429433046
18.4807145628 21.6018921802 -1.04132678887
13.1585148995 -15.4813143408 -1.00441276845
12.3702714242 22.7048234448 -1.00124114898
36.8132829712 -4.86299804795 -1.16037487435
36.4430718184 13.0717321905 -1.15888527254
21.4470245847 -13.4718418179 -1.05897116336
20.7346447778 21.0391110979 -1.05610479309
28.4038883918 -10.7219376422 -1.10481999574
27.7990617857 18.5786437691 -1.1023863824
22.0758262404 -13.2696098601 -1.06311281209
21.371256229 20.863000661 -1.06027786573
36.2592686664 -5.41706109077 -1.15670606339
35.8666651061 13.6024603112 -1.15512636228
33.5196879432 -7.69039688599 -1.13858844205
33.0356050671 15.7608031383 -1.13664065977
11.3607145604 -15.7760037079 -0.992586323161
10.5618416961 22.9250705498 -0.989371934701
21.1434149811 -13.5666651124 -1.05697156452
20.4273807622 21.1213243222 -1.05409049015
19.0099015788 -14.1837483085 -1.04292265117
18.2702198238 21.6498364906 -1.03994642729
20.7134694873 -13.6978749895 -1.05414006805
19.9923869225 21.2346795313 -1.05123868089
37.2656626445 -4.3772240511 -1.1633723902
36.9151124143 12.6050407077 -1.16196189716
12.096410771 -15.6609503345 -0.997425652313
11.3016590719 22.8404757348 -0.994227845998
20.3109854903 -13.8175035807 -1.05148959326
19.5853091076 21.3375965952 -1.04856972216
36.1133239689 -5.5564415495 -1.15573992949
35.7150929623 13.7356992243 -1.15413758547
36.5915925673 -5.08969621332 -1.15890652702
36.2122151799 13.289088571 -1.15738004346
12.4601113009 -15.6012529777 -0.999818182761
11.6675132938 22.795838345 -0.996629042159
19.6054942811 -14.0199086121 -1.04684411026
18.8720662893 21.5107151506 -1.04389304936
22.9618908317 -12.9708066214 -1.06894966913
22.2688966419 20.6010178781 -1.06616129989
28.8591733364 -10.495493348 -1.10782296914
28.2633034997 18.3711809717 -1.10542539474
27.0248603286 -11.3675744329 -1.09572630266
26.3945651618 19.1668211437 -1.09319021262
25.4242951822 -12.0483724627 -1.08517533579
24.7672691844 19.7809874614 -1.08253169012
11.4553289779 -15.7616317363 -0.993208664134
10.6569685995 22.914615348 -0.98999633774
21.0288361908 -13.601981342 -1.05621696344
20.3114421925 21.1518820552 -1.05333041779
39.4222946352 -1.38334960602 -1.17769809789
39.1934545533 9.7027160251 -1.17677732444
28.9775190927 -10.4354818691 -1.10860361581
28.3840249176 18.3161044806 -1.10621560025
13.2589525975 -15.4634868204 -1.00507354807
12.4713592466 22.6911559517 -1.00190454447
11.6098690828 -15.7378885019 -0.994225189702
10.8123568633 22.8972698666 -0.991016276007
28.8630114177 -10.4935546724 -1.10784828596
28.2672183142 18.3694023366 -1.10545102031
37.5152921 -4.09422515035 -1.16502724681
37.1762076494 12.3325845345 -1.16366288811
24.3357701972 -12.4736479186 -1.07800173366
23.662121755 20.1609796344 -1.07529120502
13.5440909225 -15.4120744521 -1.00694951521
12.7583762933 22.651554405 -1.00378807094
33.0411078016 -8.02853706027 -1.13542655666
32.543478681 16.078905326 -1.13342426897
27.9107610597 -10.9595549688 -1.10156782308
27.2965488462 18.7957084098 -1.0990964453
34.2017767021 -7.18246351378 -1.14309623575
33.7380735138 15.2814507408 -1.14123045429
12.8215389047 -15.5400599623 -1.00219585944
12.0311582468 22.7496127722 -0.999015640681
25.8515039997 -11.8733682368 -1.08799115481
25.2013359268 19.6237622733 -1.08537510306
18.1259657491 -14.4154057267 -1.03710330825
17.3774772447 21.8448185005 -1.03409164905
36.4263112945 -5.25430295265 -1.15781203239
36.0402819276 13.446734298 -1.15625878356
29.9422438181 -9.92760014769 -1.11496823227
29.3688864344 17.8484674488 -1.11266124021
32.3434013303 -8.49734526041 -1.13081821595
31.8270203923 16.5185213721 -1.12874047742
15.6761925458 -14.9892269377 -1.02097894553
14.9061111918 22.3170541967 -1.01788040416
34.4906456061 -6.95724341225 -1.14500584608
34.0359904312 15.0683434726 -1.1431764707
31.4831506958 -9.03998473752 -1.12513813325
30.945109632 17.0251979648 -1.12297324186
40.2960470229 0.578714978984 -1.18354148089
40.14743054 7.77838065649 -1.18294349949
31.4024333417 -9.08905370461 -1.12460526791
30.8624361235 17.0708941063 -1.12243250563
36.827842572 -4.84786162206 -1.16047132164
36.4582436467 13.057209501 -1.15898418323
27.3628254031 -11.2146867968 -1.09795465725
26.7385515056 19.0280108142 -1.09544279472
21.407298187 -13.4843524375 -1.05870951648
20.6944359494 21.04997164 -1.05584120507
27.0681949312 -11.3481570716 -1.09601201725
26.4386641398 19.149208646 -1.0934790028
36.2197009654 -5.45510363029 -1.15644411726
35.8255612214 13.6388375728 -1.15485823507
32.7753185299 -8.21036745098 -1.13367085229
32.270412285 16.2496122903 -1.13163928397
26.3227404699 -11.6747673913 -1.09109746117
25.6803665712 19.4447774902 -1.08851277049
22.993683089 -12.9597758831 -1.06915911355
22.3011170189 20.5913085323 -1.06637246691
26.239048634 -11.7104740439 -1.09054575672
25.5952725333 19.4769999496 -1.08795542407
34.3548672082 -7.06389652829 -1.14410822142
33.8959264759 15.1693024626 -1.14226160244
29.1399913589 -10.3523018716 -1.10967537679
28.5497913441 18.2397002101 -1.10730061579
17.9477496253 -14.460484846 -1.03593011771
17.1975526693 21.8825046352 -1.03291158429
35.8183791102 -5.83055907835 -1.15378783232
35.409087431 13.9974115251 -1.15214098398
22.2027975851 -13.227799086 -1.0639491695
21.4998448047 20.8264653291 -1.06112073032
13.0993871134 -15.4917409624 -1.00402377034
12.3107637343 22.7128011119 -1.00085062226
40.660026187 1.90012972096 -1.18600215172
40.5656300581 6.47311218065 -1.1856223343
31.1213468848 -9.25759465992 -1.12274976449
30.5746339844 17.2276916749 -1.12054998062
18.8486668599 -14.2270177207 -1.04186111799
18.1073368682 21.6864152445 -1.03887826217
18.2467694062 -14.3845416174 -1.03789857068
17.4994516542 21.8189659818 -1.03489162218
24.4076730323 -12.4464395297 -1.07847554162
23.7350861393 20.1367616934 -1.07576928429
20.1949927997 -13.8514138865 -1.05072577721
19.46801586 21.3666912534 -1.04780067312
15.3325882781 -15.0620445205 -1.01871775138
14.5597946846 22.3756299641 -1.0156082969
19.8046933168 -13.9636851729 -1.04815573735
19.0734157914 21.4627601076 -1.04521332918
21.7612342578 -13.3717835283 -1.06104067631
21.0527158642 20.9521047792 -1.05818984303
31.4291828452 -9.07282599205 -1.12478185621
30.8898325043 17.05578411 -1.12261169674
35.8902047454 -5.76470450106 -1.15426316416
35.4835694816 13.9345771309 -1.15262700431
13.4966167378 -15.4207167918 -1.00663717121
12.710585909 22.6582302285 -1.00347445466
30.2676087451 -9.74840590686 -1.11711519059
29.7013689508 17.6828529438 -1.11483683725
38.7054206962 -2.55020876526 -1.17292714698
38.4290388727 10.8389973932 -1.17181508199
35.5003010362 -6.11561886583 -1.15168318245
35.0795168398 14.2691021069 -1.14999009219
24.6408822656 -12.3573477015 -1.08001233194
23.9717732369 20.0573697859 -1.07732006833
30.6009378303 -9.56042503001 -1.11931493259
30.0421714362 17.5087879509 -1.11706664963
19.8695630828 -13.9452195134 -1.04858288087
19.1389923144 21.4469872095 -1.04564331645
21.0328374287 -13.6007523542 -1.05624331485
20.3154907382 21.1508192365 -1.05335695955
18.8731907741 -14.220465887 -1.04202257638
18.1321102641 21.6808810395 -1.03904072439
27.8896557844 -10.9695527041 -1.10142864292
27.2750489761 18.8048266606 -1.09895567742
34.6350812058 -6.84220036616 -1.14596078665
34.1850504384 14.9593589632 -1.14415001829
33.0846203721 -7.99837397342 -1.13571400518
32.5881989158 16.050563601 -1.13371657672
39.2155023516 -1.74634366974 -1.17632046326
38.9718588635 10.0568670119 -1.17534012602
28.3742989387 -10.7364163166 -1.10462484182
27.7689000515 18.5918890188 -1.10218892582
25.8896598242 -11.857507239 -1.08824265962
25.2401137789 19.6094893931 -1.0856291107
36.3226782595 -5.35569242361 -1.15712586884
35.9325531651 13.5437606945 -1.15555614022
25.5882948029 -11.9817471563 -1.08625626094
24.933878507 19.7211868105 -1.08362311582
12.9924703961 -15.5104661787 -1.00332037851
12.2031653669 22.7270981614 -1.00014448771
11.8031697624 -15.7077197685 -0.995496697211
11.0067378425 22.8751039225 -0.992292130268
32.1951297573 -8.59354101434 -1.12983906482
31.6749054448 16.6085163425 -1.12774586188
21.1239204976 -13.5726918736 -1.05684317542
20.4076541807 21.1265414555 -1.05396116718
40.4445702716 1.04438647648 -1.18454170333
40.3150439894 7.31923506844 -1.18402053431
40.411630383 0.934857655261 -1.18431954276
40.2776122689 7.42731123089 -1.18378030017
37.9425515336 -3.581057296 -1.16786117063
37.6242798582 11.8374858733 -1.16658055535
29.7895633631 -10.0102719825 -1.11396082699
29.2129244481 17.9247680757 -1.11164063118
23.5413425722 -12.7662927824 -1.07276722504
22.8562943825 20.4205909424 -1.07001082776
19.7100410853 -13.9904906207 -1.0475324945
18.9777380178 21.4856366336 -1.04458595991
32.3420157526 -8.49824956195 -1.13080906563
31.8255986773 16.5193677236 -1.1287311817
19.7542401458 -13.9779938238 -1.04782352459
19.0224151285 21.4749744793 -1.0448789135
18.8042277749 -14.2388632473 -1.04156854525
18.0624468132 21.696416778 -1.03858387488
17.8736118887 -14.4790793552 -1.03544207988
17.1227107534 21.8980238047 -1.03242071309
15.6063006092 -15.0041871416 -1.02051899222
14.8356614349 22.3291173716 -1.01741820637
14.0262455123 -15.3224234709 -1.01012182415
13.2438197564 22.5818772431 -1.00697361317
15.2011099658 -15.0894249327 -1.01785254307
14.4272984738 22.397561234 -1.01473899291
18.5875212204 -14.2961336902 -1.04014184449
17.8435614997 21.7446954363 -1.03714840755
33.3273630792 -7.82799656389 -1.13731769927
32.8377657529 15.890348781 -1.13534772875
37.7003903231 -3.87666056349 -1.16625471551
37.3701263657 12.122843874 -1.16492584742
39.1318344711 -1.88640133561 -1.175763432
38.8824825397 10.1933525813 -1.17476012596
12.8488452105 -15.5353606104 -1.00237549987
12.0586352184 22.7460442941 -0.999195967818
36.524939193 -5.156516366 -1.15846512449
36.1428611381 13.3531011658 -1.15692777438
16.0634893914 -14.9049415846 -1.02352778825
15.296556294 22.2488235237 -1.02044191438
34.3197186533 -7.09127475866 -1.14387586808
33.8596780535 15.1952068678 -1.14202482362
34.7851254842 -6.72089946636 -1.14695290328
34.3399725873 14.8443533885 -1.14516176179
38.7307320924 -2.51286780175 -1.17309539701
38.4558696452 10.8027327839 -1.17198944546
27.6734761952 -11.0711640956 -1.1000030738
27.0548603749 18.8974302421 -1.09751397743
20.1533321669 -13.8635320845 -1.05045144366
19.425890638 21.3770798866 -1.04752447022
12.871163294 -15.5315117489 -1.00252232463
12.0810931199 22.743119729 -0.999343355154
36.8564846613 -4.81799284341 -1.16066106052
36.4880939227 13.0285481617 -1.15917878344
19.0524895457 -14.1722427733 -1.04320304481
18.3132463073 21.6400982672 -1.04022858536
29.9512848877 -9.9226766496 -1.11502788789
29.3781229789 17.8439212497 -1.11272168235
32.5322543096 -8.37312601095 -1.13206544637
32.0208386133 16.4022014827 -1.13000768626
22.4068868891 -13.1598953054 -1.0652935379
21.7065624183 20.7670417052 -1.06247567413
34.7109864283 -6.78106776306 -1.14646267187
34.2634137408 14.9014108762 -1.14466179398
16.13985845 -14.8880431306 -1.02403039598
15.3735576406 22.2350910462 -1.02094706622
16.9765095566 -14.6968142988 -1.02953696907
16.2173874223 22.0785518477 -1.02648252381
33.4027205341 -7.77436187131 -1.13781559179
32.9152723404 15.8398696123 -1.13585426863
30.3027412191 -9.72880594758 -1.11734702949
29.7372803224 17.6647195201 -1.11507181016
17.1473815468 -14.656366818 -1.03066166765
16.389782988 22.0451903301 -1.02761335274
36.561425692 -5.12001312005 -1.15870674725
36.180822924 13.3181347321 -1.15717533318
12.8760539489 -15.5306673736 -1.002554499
12.0860144532 22.7424778995 -0.999375652966
33.1890197649 -7.9255393733 -1.13640370275
32.6955150182 15.9820993766 -1.13441801011
23.1405508198 -12.9085339823 -1.07012667934
22.4499742232 20.5461711875 -1.06734803765
14.7025105139 -15.1908542389 -1.01457157777
13.9249381048 22.4783280445 -1.01144289498
19.3583421241 -14.08866768 -1.04521678811
18.622287211 21.5692162248 -1.04225515739
33.2162700599 -7.90641909565 -1.13658373311
32.7235311305 15.9641199458 -1.13460112186
16.4092966363 -14.8276843509 -1.02580368855
15.6452571115 22.1859027994 -1.02272945742
28.4884400233 -10.6804066909 -1.10537765486
27.8852552362 18.5406374543 -1.10295064763
20.0800774155 -13.8847621486 -1.04996906825
19.3518221946 21.3952688048 -1.0470388208
16.1234744136 -14.8916762572 -1.0239225673
15.3570376338 22.2380449451 -1.02083869044
25.2729890894 -12.1092348109 -1.08417810581
24.6135803948 19.8355538971 -1.081524873
39.75095137 -0.745656535502 -1.17989077881
39.5481468019 9.07912911063 -1.17907476328
13.5486900509 -15.4112354593 -1.00697977407
12.7630061264 22.6509059228 -1.00381845334
31.4483761336 -9.0611617992 -1.12490856283
30.9094907855 17.0449219177 -1.12274027433
39.087268191 -1.9595551794 -1.17546680156
38.8349354067 10.2646049571 -1.17445150159
18.3958052381 -14.3461203489 -1.03887970639
17.6499460477 21.7867278206 -1.03587862664
17.8573891157 -14.4831358294 -1.0353352884
17.1063344026 21.9014073455 -1.03231330367
13.1452988963 -15.4836492556 -1.00432582093
12.356970325 22.7066109754 -1.00115385907
18.1723675236 -14.4035799977 -1.03740877418
17.4243275003 21.8349177436 -1.03439891951
16.7320814268 -14.7538467988 -1.02792815917
15.9708139675 22.1254487579 -1.02486508187
38.1804852968 -3.27715933252 -1.16944028875
37.8745517991 11.5436657851 -1.16820931803
15.5541277876 -15.0153050565 -1.02017564961
14.7830742574 22.3380727592 -1.01707319654
31.8120802681 -8.83683171468 -1.12730976927
31.2821424566 16.8357921923 -1.12517748257
20.3661088115 -13.8013001189 -1.05185258696
19.641054135 21.3236817534 -1.04893521739
15.9625194248 -14.9271422129 -1.02286328197
15.1947561928 22.2668384338 -1.01977406792
22.0696041921 -13.2716502219 -1.06307182804
21.3649552819 20.8647825145 -1.06023656422
37.2444868582 -4.40071405619 -1.16323203771
36.892985312 12.627636825 -1.16181771691
19.858189321 -13.948462713 -1.04850798854
19.1274944053 21.4497582764 -1.0455679246
13.2496183922 -15.4651498043 -1.00501213801
12.4619643669 22.692432317 -1.00184289028
13.6012842787 -15.4016189444 -1.00732580627
12.8159523932 22.6434680467 -1.00416590203
32.3769915235 -8.47539125542 -1.13104004628
31.8614879406 16.4979722615 -1.12896583793
28.471687941 -10.6886538371 -1.10526716575
27.8681770919 18.5481862539 -1.10283884656
38.9857785592 -2.12261914835 -1.17479147814
38.7268031193 10.4233417674 -1.17374945043
33.9617126874 -7.36492310244 -1.14150950481
33.4906844957 15.4538479913 -1.13961425007
36.7299166722 -4.94906942559 -1.15982266164
36.3562246546 13.1542899057 -1.15831905404
12.5771699667 -15.5816386145 -1.00058825059
11.7852816625 22.7810714418 -0.997401965587
33.1350198274 -7.96329493091 -1.13604695664
32.640003034 16.0175943144 -1.13405518005
22.4249188409 -13.1538541017 -1.0654123194
21.7248283101 20.7617497864 -1.06259539693
22.7350092778 -13.0488955147 -1.06745502785
22.0389858882 20.6696773529 -1.06465447015
40.158724497 0.199718727462 -1.18261939875
39.9945850724 8.15138706227 -1.18195895841
20.6764468193 -13.7090073426 -1.05389625622
19.9549363971 21.2442745579 -1.0509931475
29.4550671509 -10.1883250822 -1.1117539391
28.8713655164 18.0888655838 -1.10940532535
13.3070735985 -15.4548934604 -1.00539013887
12.519793875 22.6845557588 -1.0022223972
23.8739584182 -12.6455247378 -1.07495874891
23.1936105854 20.3136520924 -1.07222126424
19.7685927637 -13.9739281158 -1.04791803025
19.0369232984 21.4715045353 -1.04497404505
37.1121979956 -4.54572740542 -1.16235532212
36.7548249195 12.7670673761 -1.16091737631
33.5064655228 -7.69993266215 -1.13850107394
33.0220004003 15.7697851314 -1.13655175363
28.4252710024 -10.7114568944 -1.10496102329
27.8208586871 18.5690543623 -1.10252907691
35.3786319208 -6.22194732769 -1.1508782682
34.9535635453 14.370318978 -1.14916793988
35.3696940269 -6.22970141343 -1.15081914166
34.9443132797 14.3776976113 -1.14910755646
40.5144199244 1.29156361773 -1.18501358306
40.3950343227 7.07515102644 -1.18453321664
14.0481628783 -15.3182665345 -1.01026603251
13.265889995 22.5786283289 -1.00711843664
13.8561488873 -15.3544425919 -1.00900266241
13.0725467059 22.6068495783 -1.0058497179
33.2814460539 -7.8605029421 -1.13701433112
32.7905464116 15.9209325748 -1.13503912052
25.5761501623 -11.9867045595 -1.08617621411
24.9215396362 19.7256388083 -1.08354228746
27.4524161345 -11.1735930409 -1.09854539863
26.8297617219 18.9906492748 -1.09604005235
36.0512058708 -5.61499720815 -1.15532875658
35.6506113817 13.791641526 -1.15371690273
