-34.7208894782 -13.10513318 -0.98032160558
29.2810196763 -12.2374291449 -1.14049988641
-36.3986284133 -11.9311711874 -0.979969401717
30.9262968617 -11.0184154571 -1.14846423148
-30.9635052814 -15.2036084957 -0.982816180522
25.5819402696 -14.4369952505 -1.12433308801
-37.5940581685 -10.9652303119 -0.980134597723
32.0950849954 -10.0204217659 -1.15454638156
-25.2752929685 -17.475602679 -0.989501158335
19.957449676 -16.8623610767 -1.10270564004
-29.1170812279 -16.0395879688 -0.984669612646
23.7588719292 -15.3227237608 -1.11700284123
-35.1732733196 -12.8063069546 -0.980169679547
29.7251312267 -11.926448709 -1.14259162924
-28.3676368073 -16.3496293474 -0.985515999898
23.018113267 -15.6529685246 -1.11411968086
-40.0846333409 -8.39907283016 -0.982258588472
34.5151349689 -7.38768862551 -1.16896024778
-23.9548635724 -17.8896621912 -0.991417317599
18.6487376057 -17.3120650985 -1.09804181809
-11.1734098391 -20.3262580629 -1.01501641693
5.93807915497 -20.094269545 -1.05784152833
-41.5302558334 -6.21974376564 -0.985708836396
35.9011096121 -5.16997026459 -1.17949716495
-28.8411676258 -16.1555770163 -0.984975285982
23.4862061012 -15.4461501581 -1.1159355788
-41.3641585625 -6.52012295494 -0.985151754148
35.7432214734 -5.47474187672 -1.17812924086
-29.0442689217 -16.0704097475 -0.984749594342
23.6869224681 -15.3555081429 -1.11672052606
-10.224438082 -20.4111783435 -1.01707709634
4.99175992708 -20.2048851784 -1.05515884218
-31.0158379278 -15.1782919008 -0.982768865176
25.6335669354 -14.4102692303 -1.12454595278
-30.819353404 -15.2728550511 -0.982948083227
25.4397197787 -14.510124291 -1.12374828345
-24.7426446352 -17.6470760018 -0.990259827868
19.4296485927 -17.048211412 -1.10081031117
-32.9188329232 -14.1882850279 -0.981271422539
27.5090072851 -13.3690363292 -1.13250484177
-34.7668949136 -13.0752856949 -0.98030441375
29.3261985537 -12.2063454311 -1.14071090256
-25.3310217594 -17.4573052518 -0.989422929044
20.0126616385 -16.8425595736 -1.10290506339
-19.1450724373 -19.1138143541 -0.999310319954
13.8739215107 -18.6661602971 -1.08194731868
-36.7396634153 -11.6681926912 -0.979976068409
31.2600729232 -10.7462882294 -1.15015975523
-27.889629209 -16.5393047321 -0.98608179204
22.5454265708 -15.8555329198 -1.11230615996
-24.8268017221 -17.6203903328 -0.990138652769
19.5130508579 -17.0192540618 -1.10110848871
-40.191001003 -8.26399089744 -0.982431223042
34.6177992976 -7.24977274761 -1.16965602901
-21.4533087716 -18.5785889499 -0.995354488153
16.1667905141 -18.0685555402 -1.08950672373
-37.0338510284 -11.4336195797 -0.980006632885
31.5477893453 -10.5038259707 -1.15164665733
-38.1979954377 -10.4241748562 -0.980388602233
32.6841235585 -9.46319257474 -1.15778605978
-35.128729958 -12.83626776 -0.980182911687
29.6814169593 -11.9576060647 -1.14238397804
-23.73285677 -17.9557195419 -0.991750927198
18.4286043117 -17.3841167508 -1.09726887881
-39.1060373291 -9.52442953269 -0.981047744259
33.5674251301 -8.53916116398 -1.16292841677
-40.7215356304 -7.5411883661 -0.983449941212
35.1285321648 -6.51285326228 -1.17328073877
-34.1598344938 -13.4597915468 -0.980561301736
28.7297914434 -12.6071672592 -1.13795585914
-37.4319919963 -11.1038276825 -0.980087633132
31.9368379995 -10.163361773 -1.15369776568
-26.5630579082 -17.0348550903 -0.987751111295
21.2327853651 -16.3868643253 -1.10737029309
-3.41758022546 -20.6800354578 -1.03295184478
-1.80530166638 -20.6581770378 -1.03698691203
-27.032057659 -16.864668845 -0.987144824847
21.6969961864 -16.2040261046 -1.10909956299
-41.4473540326 -6.37198091676 -0.985423352531
35.8223678651 -5.32439889344 -1.17880713401
-27.763133895 -16.5884837563 -0.986234779897
22.4203118007 -15.9081231404 -1.11182944049
-35.6878859611 -12.4511651236 -0.980045745283
30.2299210819 -11.5574863581 -1.1450189648
-27.9049395258 -16.5333238965 -0.986063366719
22.5605690218 -15.8491392216 -1.11236394911
-11.7573160666 -20.268040995 -1.01376764714
6.52019145717 -20.0202442146 -1.05951096592
-30.7574193913 -15.302388112 -0.983005456212
25.3786096528 -14.5413255193 -1.12349771252
-26.3048226957 -17.1263070193 -0.988092183129
20.9771258345 -16.4852833674 -1.10642523491
-18.5874661607 -19.2297082725 -1.00030901852
13.3196640225 -18.7971282764 -1.08016334359
-41.2445801447 -6.72565080945 -0.984785165555
35.6292621547 -5.68343591236 -1.17717817481
-35.8142997299 -12.361282437 -0.980023795603
30.3538502144 -11.4642096549 -1.14562355105
-39.7896577838 -8.75918849487 -0.981826418306
34.2300363443 -7.75566862919 -1.16707631959
-33.1618737776 -14.0512463556 -0.981114249433
27.7482414652 -13.2254592271 -1.13355466369
-36.5581729693 -11.8092978206 -0.979968809742
31.082476822 -10.8922616643 -1.14925380672
-33.1132848796 -14.0788522827 -0.981144999591
27.7004192711 -13.2543722448 -1.13334412475
-21.5289514856 -18.5594765678 -0.995229907486
16.2418869698 -18.0473995161 -1.08975939964
-41.4271388363 -6.40838913441 -0.985356033975
35.8031477079 -5.36134175476 -1.17864112016
-32.7696266588 -14.2711391851 -0.981372014442
27.3621033841 -13.4559049914 -1.13186435551
-39.6134218749 -8.96508880094 -0.981597960751
34.0594504737 -7.96627096152 -1.16597986736
-23.6083486968 -17.9923317429 -0.991939422901
18.3051351653 -17.4240908957 -1.0968367592
-19.7159864462 -18.9898714377 -0.998304768579
14.4412635011 -18.5267855079 -1.08379049309
-16.9764091146 -19.5368004677 -1.00328370472
11.7175296008 -19.1477832222 -1.07509634022
-30.6768622286 -15.3406071402 -0.983080705851
25.2991188404 -14.5817143933 -1.12317240833
-30.3937209632 -15.473219292 -0.983350719742
25.0196789232 -14.7219537232 -1.12203444412
-22.0739887555 -18.4186879414 -0.99434213919
16.7829047829 -17.8918867293 -1.09158971333
-8.5121839519 -20.5345105086 -1.02089131683
3.28348098566 -20.3745911219 -1.05041245699
-31.7961010763 -14.7892228974 -0.982100716604
26.4029892982 -14.0001904102 -1.12775621915
-35.4126104081 -12.6432330676 -0.980105301952
29.959956775 -11.7569463757 -1.14371394368
-28.8396207393 -16.1562211584 -0.984977019453
23.4846772565 -15.4468359993 -1.11592961461
-31.4769661068 -14.9510337902 -0.982365387477
26.0883609554 -14.1705935308 -1.12643476363
-28.0235714413 -16.4867716586 -0.985921272468
22.6778945392 -15.7993879976 -1.11281238812
-20.1358792806 -18.895236767 -0.997576389916
14.8584348681 -18.4208023634 -1.0851570442
-39.5440443313 -9.04439813083 -0.981513637773
33.9922497794 -8.04743194692 -1.16555372853
-20.8222424307 -18.7340577164 -0.996406625515
15.5401734796 -18.2410753128 -1.0874112431
-25.9358902243 -17.2542522794 -0.988588170146
20.6117996683 -16.6231833178 -1.10508358477
-39.1337558367 -9.49504307674 -0.981074040468
33.5943363107 -8.50903406761 -1.16309143529
-36.2570509891 -12.0376777333 -0.979975205176
30.7876605871 -11.1287209921 -1.14776874104
-41.0388197126 -7.06125736152 -0.984212385595
35.4326810143 -6.02449719867 -1.17559845018
-22.7830946674 -18.2272643688 -0.993213665176
17.4865573832 -17.681309724 -1.09399696555
-36.9333889799 -11.5145605491 -0.979993506071
31.4495598373 -10.5874606952 -1.15113626297
-38.5311908726 -10.107254687 -0.980587937295
33.0085997209 -9.13735604192 -1.15963135677
-30.458392371 -15.4431633611 -0.983288295852
25.0835112542 -14.6901556066 -1.12229362795
-38.425923686 -10.2089158599 -0.980520024033
32.9061288956 -9.24183361689 -1.15904353531
-40.8472574378 -7.35593492824 -0.983736252418
35.2491825752 -6.32425964019 -1.17418364843
-40.1033344364 -8.37553477556 -0.982288260615
34.5331906966 -7.36365224134 -1.16908191163
-41.1299897906 -6.91518246211 -0.984457728765
35.5198551541 -5.87600440268 -1.17629013738
-34.4393826445 -13.2852031277 -0.980435052088
29.0045009241 -12.4250645083 -1.13921675616
-23.4748993768 -18.0312292406 -0.992142560462
18.1727900511 -17.4665918938 -1.09637469012
-37.8377191634 -10.7517760494 -0.980221529497
32.3328662482 -9.80044036402 -1.15583822413
-20.9061425851 -18.7137942397 -0.996265438785
15.6234931144 -18.2185447585 -1.08768855917
-35.0854142717 -12.8652879142 -0.980196148437
29.6389043999 -11.9877898328 -1.1421824115
-35.4717682545 -12.6023709916 -0.980091171855
30.017984446 -11.7144955605 -1.14399309507
-41.1482646749 -6.88541244077 -0.98450848102
35.5373157798 -5.84574989819 -1.17643032529
-40.4110415844 -7.97475217057 -0.982819841728
34.8299131035 -6.95467510011 -1.17112620523
-38.2642150454 -10.3623026493 -0.980424641191
32.7486404757 -9.39954791121 -1.15814929448
-6.8772825437 -20.6169927552 -1.02464662454
1.65141822917 -20.5013651408 -1.04599149762
-19.9640767814 -18.9343173462 -0.997873254509
14.6877556457 -18.4645261287 -1.08459677603
-41.2521661208 -6.71285590291 -0.984807638522
35.6364982679 -5.67044005577 -1.17723774318
-41.0337819404 -7.06921401847 -0.984199198304
35.427860926 -6.03258750328 -1.17556059151
-35.0513543378 -12.8880279978 -0.980206810697
29.6054738364 -12.0114449169 -1.14202416455
-32.6620178682 -14.3303046249 -0.981446457562
27.2561390819 -13.5179659423 -1.13140428691
-6.09614923265 -20.6443953395 -1.02647945167
0.871315505459 -20.5499341375 -1.04391700218
-31.340320834 -15.0191703254 -0.982482398494
25.9536141982 -14.2424094557 -1.12587255883
-31.0679787661 -15.1529732786 -0.982722028027
25.6850018087 -14.3835463833 -1.1247583357
-40.6003734707 -7.71421665327 -0.983191713694
35.0121081074 -6.68910261772 -1.17242790162
-25.2800024002 -17.4740590754 -0.989494538972
19.9621155042 -16.8606903683 -1.10272248424
-41.4527357758 -6.36224229964 -0.985441421876
35.8274834607 -5.31451795895 -1.17885147516
-35.1392391018 -12.8292099194 -0.980179755003
29.6917307882 -11.9502659172 -1.14243293524
-40.8728837779 -7.31741420862 -0.983797054673
35.2737545828 -6.28505835792 -1.17437008265
-33.9023571416 -13.6170214215 -0.980689073595
28.4766737786 -12.7713195111 -1.13680575925
-35.6788352782 -12.4575591001 -0.980047449341
30.2210471696 -11.5641233468 -1.14497580877
-40.5599043693 -7.77087989097 -0.983109094528
34.9731909287 -6.74684213263 -1.17214660154
-28.6492008502 -16.2349981253 -0.985192066795
23.29646429 -15.5307462702 -1.11519705334
-39.3112951229 -9.30374163672 -0.981252366325
33.7666210862 -8.31298989797 -1.16414526967
-39.8775773303 -8.65396735904 -0.981948434831
34.3150693422 -7.64810269423 -1.16763118635
-35.4069616189 -12.6471231975 -0.980106688656
29.9544155864 -11.7609882135 -1.14368732511
-10.3404255442 -20.401438195 -1.01682317655
5.10744052388 -20.1920041969 -1.05548472059
-32.1789255148 -14.5900136143 -0.981799638123
26.7802692235 -13.7906760342 -1.12935746221
-28.1430740839 -16.4394995941 -0.985779350791
22.7960709375 -15.7488936064 -1.11326530839
-39.1162988051 -9.51356533601 -0.981057431755
33.5773881315 -8.52802277453 -1.16298872028
-35.8581408121 -12.3298566353 -0.980016999537
30.3968227213 -11.4316068804 -1.1458340243
-38.4198516442 -10.2147356136 -0.980516248998
32.9002169527 -9.24781584315 -1.15900976782
-15.7656936156 -19.7414038547 -1.00560333775
10.5128093984 -19.3851338089 -1.0713708358
-28.1576229864 -16.4337183488 -0.985762156326
22.8104576682 -15.7427200671 -1.11332053145
-6.78177053923 -20.6207580662 -1.02486939796
1.55604348738 -20.5077183933 -1.04573653668
-13.6372279967 -20.0491215798 -1.00984838918
8.39347365327 -19.7504409784 -1.06498486811
-41.079437998 -6.99667091218 -0.98432010623
35.471532398 -5.95883334159 -1.17590506043
-36.8911762278 -11.5483088912 -0.979988832297
31.4082780625 -10.622341012 -1.15092262653
-22.952379369 -18.1801540872 -0.992948802815
17.6545019213 -17.6296274667 -1.09457609051
-40.1620607402 -8.30103568264 -0.982383314395
34.5898745501 -7.28758847854 -1.16946580368
-17.9734905875 -19.3515405879 -1.00142724827
12.7092190521 -18.935560638 -1.0782172026
-30.9716055271 -15.1996961127 -0.982808836894
25.5899314095 -14.432864709 -1.12436601647
-34.4630029874 -13.2702608678 -0.980424996874
29.0277072585 -12.4094873971 -1.13932389458
-25.0292941624 -17.5555589295 -0.989849090882
19.7137102214 -16.9489569396 -1.10182789927
-15.2027640951 -19.8291342774 -1.00670565547
9.95246666452 -19.4880929628 -1.06966192771
-38.3736380256 -10.2588734391 -0.980488017979
32.8552176068 -9.29319028575 -1.15875325712
-28.9169205936 -16.1239492638 -0.984890663529
23.5610732797 -15.4124803773 -1.11622791504
-6.45089543545 -20.6329077955 -1.02564400946
1.22561963771 -20.5288336641 -1.04485610803
-20.0092416769 -18.9240920132 -0.997795056332
14.7326265603 -18.4530801378 -1.08474391146
-22.1386842927 -18.4016139939 -0.994237926741
16.847113382 -17.8730651677 -1.09180811067
-38.6072748111 -10.0328548057 -0.980639987456
33.082637517 -9.06092088951 -1.16005911825
-41.3192357934 -6.59831678586 -0.985010879308
35.7004363012 -5.55412480552 -1.17776885839
-22.8020948314 -18.2220042422 -0.993183849391
17.5054078742 -17.6755364382 -1.09406187902
-32.5121866341 -14.4118757207 -0.981552710613
27.1085756369 -13.6035689579 -1.13076624703
-35.5513757075 -12.5470289488 -0.980073297809
30.0960614213 -11.6570157156 -1.14436985957
-33.2289101389 -14.0129855849 -0.981072383406
27.8142153164 -13.1853951743 -1.13384568378
-15.4796119608 -19.7865677491 -1.00616167568
10.2280580628 -19.4380367551 -1.07050054374
-37.0909790635 -11.3871945737 -0.980015375815
31.6036370521 -10.4558692994 -1.15193814589
-40.2194872295 -8.22730895821 -0.982479081893
34.6452800184 -7.2123320381 -1.16984395696
-33.1029342359 -14.0847194238 -0.98115159388
27.6902315853 -13.2605178337 -1.13329931754
-4.66234629639 -20.6746688311 -1.02990805127
-0.56113894293 -20.6190668308 -1.04017218795
-36.6587389172 -11.7314404726 -0.979971769076
31.1808938373 -10.8117066105 -1.1497547629
-38.0905316283 -10.523460449 -0.980333726808
32.5793924786 -9.56535499364 -1.15720012188
-20.7330874969 -18.7554552425 -0.996557089158
15.4516317598 -18.2648819561 -1.08711698338
-5.8694682292 -20.6509036385 -1.02701596991
0.644894409135 -20.5625853552 -1.04331953682
-38.3312167309 -10.299149452 -0.980462874526
32.8139044349 -9.33460152626 -1.1585185505
-5.80954886073 -20.6525157076 -1.02715813772
0.585040805296 -20.5658212429 -1.04316194749
-22.3536390877 -18.3443253669 -0.993893472817
17.0604351215 -17.8099701939 -1.09253550914
-3.69131763258 -20.6805187191 -1.03227713499
-1.53165181957 -20.6512391122 -1.03768215434
-26.3918279923 -17.0956710034 -0.987976701882
21.0632681054 -16.4522999084 -1.10674309198
-36.4868095191 -11.8640574769 -0.979968282717
31.01262502 -10.9489358423 -1.14889985873
35.3852076336 -6.10365130159 -1.17522727433
-40.9892166663 -7.13909535359 -0.984084163981
26.5560930733 -13.9158611361 -1.12840378913
-31.9514360516 -14.7090752727 -0.981976353529
8.88469721732 -19.6715517487 -1.06644643279
-14.1304108487 -19.9835784117 -1.00884626911
11.7855885568 -19.1337111164 -1.07530893948
-17.0448247596 -19.5245786124 -1.00315474749
16.5755120257 -17.9521480028 -1.09088600365
-21.8650376288 -18.4733046447 -0.994680417919
22.3027717995 -15.9571454965 -1.11138281691
-27.6443073458 -16.6343015797 -0.986379713476
28.2191725482 -12.9348775492 -1.13564678962
-33.6405139543 -13.7735384627 -0.980829872947
31.0855494361 -10.8897592393 -1.14926940647
-36.5613123339 -11.8068796143 -0.9799688627
26.3403988989 -14.0343970098 -1.12749234759
-31.7326058112 -14.8217200942 -0.982152401012
15.6582469852 -18.2091101345 -1.08780435013
-20.9411395973 -18.7053052612 -0.996206663445
15.7689758497 -18.1789056782 -1.08817373607
-21.0526470627 -18.6781137675 -0.996019856078
13.9558955541 -18.6463573525 -1.08221255815
-19.2275535063 -19.0962410049 -0.99916397581
32.01086278 -10.0968313678 -1.15409365738
-37.5077942491 -11.039328553 -0.980108551069
-2.1280850787 -20.6651558804 -1.03617071229
-3.09472621219 -20.6782610897 -1.03375148891
13.9916531557 -18.6376839393 -1.08232837059
-19.2635332316 -19.0885401685 -0.999100250449
28.0457996562 -13.0431126767 -1.13487253236
-33.464268849 -13.8770336543 -0.980930608489
4.55810269301 -20.251595053 -1.05394227785
-9.78967328267 -20.4461146115 -1.01803394137
14.5277885013 -18.5050495792 -1.08407313734
-19.8030692322 -18.9704891915 -0.998152922715
21.9486251236 -16.1026354477 -1.11004426135
-27.286344368 -16.7701371248 -0.986823362569
21.0680128135 -16.4504779466 -1.10676061635
-26.3966203778 -17.0939783405 -0.987970357661
12.6517471776 -18.9482844358 -1.07803497237
-17.9156947046 -19.3627016464 -1.00153349992
8.98622598253 -19.6548168894 -1.06674989787
-14.2323562236 -19.9696021472 -1.00864049722
28.4924902484 -12.7611616674 -1.13687730536
-33.9184433351 -13.6072960972 -0.980680776556
25.1373958004 -14.6632045043 -1.12251276864
-30.512988173 -15.417682978 -0.983235941587
31.5757568936 -10.4798473574 -1.15179250995
-37.0624587323 -11.4104079837 -0.980010894004
31.5892425759 -10.4682584321 -1.15186292441
-37.0762538149 -11.3991889166 -0.980013032589
12.2785789949 -19.0296215323 -1.07685585303
-17.5404574175 -19.4338922574 -1.00222742316
8.51201263814 -19.7317181062 -1.06533655382
-13.7562312622 -20.0336191798 -1.00960557528
22.0151985957 -16.0755369285 -1.11029507965
-27.3536284281 -16.7448533753 -0.986739174146
13.5581390151 -18.7413999657 -1.08092891786
-18.8273651314 -19.180465503 -0.999877361013
16.1297630157 -18.0789486555 -1.08938226065
-21.416012968 -18.5879744292 -0.995416034817
25.7780518255 -14.334956993 -1.12514334346
-31.1623125928 -15.1069243393 -0.982638068182
24.6157144044 -14.9200133581 -1.12040440019
-29.9845324645 -15.6602546283 -0.983755762798
34.7155469445 -7.11555163957 -1.17032784302
-40.2923535674 -8.13246908477 -0.982604746766
4.20998477526 -20.2872969757 -1.05297144989
-9.44071494224 -20.4723659429 -1.01880769381
9.17941357197 -19.6225650157 -1.06732864189
-14.426347627 -19.9425994415 -1.00825024413
27.0626088398 -13.630041896 -1.13056811413
-32.4655186401 -14.4370927653 -0.981586415826
-0.992173836991 -20.6348139322 -1.03906159888
-4.23104276506 -20.6787248042 -1.03095564605
35.5723830295 -5.78444921404 -1.17671360489
-41.184981863 -6.82508497206 -0.984612104922
2.45119219505 -20.4435165821 -1.04814419542
-7.6783315789 -20.5808473082 -1.02279292504
34.2893135247 -7.68087220499 -1.16746251525
-39.8509420831 -8.68602657945 -0.981910883421
35.176073115 -6.43929212371 -1.17363410279
-40.7710545073 -7.46894311334 -0.983560392537
25.8428584569 -14.3009276409 -1.12541209529
-31.228018467 -15.0746644068 -0.982580184933
27.3308470342 -13.4742629276 -1.13172848237
-32.7378838285 -14.2886430117 -0.981393810037
15.3271608102 -18.2981130841 -1.08670407492
-20.607760899 -18.7852997475 -0.996769351769
9.25789575992 -19.6093091027 -1.06756424969
-14.5051605307 -19.9314760522 -1.00809218777
32.9876353522 -9.15885349859 -1.15951070131
-38.5096510764 -10.1281758947 -0.980573657471
17.560568833 -17.6586023465 -1.09425195995
-22.8576948564 -18.2065717893 -0.993096727593
24.5368431959 -14.9580546936 -1.12008816561
-29.9046583571 -15.6961437788 -0.983836821861
18.1907972111 -17.4608301161 -1.09643749273
-23.4930562078 -18.0259577551 -0.992114855056
32.429704637 -9.70897586756 -1.15637036552
-37.9370029937 -10.6629704743 -0.980262833653
29.6740577929 -11.9628392836 -1.14234905925
-35.1212315422 -12.8412995477 -0.980185177128
6.09303794467 -20.075011799 -1.05828449444
-11.3288340246 -20.3112083251 -1.01468258415
7.45802212588 -19.8912562851 -1.06223183339
-12.6983007508 -20.1645250504 -1.0117863828
17.2562903191 -17.7512723986 -1.0932058208
-22.5510144871 -18.290958784 -0.993579641948
15.1184248582 -18.3532259049 -1.08601361131
-20.3976067278 -18.8347334776 -0.997127249066
16.8254192975 -17.8794331342 -1.0917342929
-22.1168254497 -18.4073914928 -0.994273109356
5.03325098874 -20.2002856025 -1.05527565903
-10.2660386525 -20.40770528 -1.01698595885
7.36489249385 -19.9046069699 -1.06195990097
-12.604843219 -20.1753460852 -1.01198142412
33.4434489487 -8.67629826288 -1.16218273018
-38.978386777 -9.65815520941 -0.980931806666
1.45225818082 -20.5145002686 -1.0454595153
-6.67783943626 -20.6247238322 -1.02511223072
8.19452757892 -19.7814171035 -1.06439606397
-13.4375148319 -20.0746928938 -1.01025731389
1.69695549617 -20.4982908475 -1.04611336176
-6.92288645689 -20.6151541059 -1.02454038865
16.4220915324 -17.9962074355 -1.090367098
-21.7104784065 -18.5131886513 -0.994932296486
32.2827747674 -9.84731842848 -1.15556435796
-37.7863744956 -10.7972788962 -0.980201528687
32.7643424936 -9.3839746412 -1.15823796645
-38.2803337274 -10.3471607875 -0.98043367515
0.665530843103 -20.5614591749 -1.04337390452
-5.89012762257 -20.6503373253 -1.02696698609
6.22575287636 -20.058260576 -1.05866470301
-11.4619545409 -20.2980611585 -1.01439748343
8.55864811433 -19.7242975322 -1.06547508926
-13.8030508774 -20.0274656205 -1.00951021964
15.7151728726 -18.1936095657 -1.08799416335
-20.9984650162 -18.6913536512 -0.996110538662
6.53417573569 -20.0184093263 -1.05955125316
-11.7713449752 -20.2665858947 -1.01373782547
-0.430214196604 -20.613821647 -1.04051100926
-4.79336517426 -20.6729749404 -1.0295913034
19.0789701019 -17.1683116406 -1.09956189694
-24.3888372855 -17.7576251841 -0.99077453808
24.9937272877 -14.7348418933 -1.12192919796
-30.3674292687 -15.4853991747 -0.983376223534
23.153256176 -15.59390472 -1.1146418695
-28.5043321739 -16.2942509823 -0.985357855896
21.5478847406 -16.2633458424 -1.10854220121
-26.8813919503 -16.9199243626 -0.987337718643
4.54378174702 -20.253095216 -1.05390223864
-9.77531691008 -20.4472259825 -1.0180656732
-1.29022768512 -20.6443395383 -1.03829802609
-3.93284013829 -20.6801666803 -1.03168433088
5.54214395538 -20.1420076209 -1.05671442242
-10.7763253108 -20.3632447968 -1.01587401019
7.55273761289 -19.8775548732 -1.06250879302
-12.7933530682 -20.1533964101 -1.01158840846
1.26531099365 -20.5263706099 -1.04496163154
-6.49063900707 -20.631521678 -1.02555073031
17.1414624079 -17.7857760334 -1.09281253551
-22.4352928635 -18.3223367501 -0.99376335551
35.6212486414 -5.69778914461 -1.17711233157
-41.2361802345 -6.73978151719 -0.984760400367
25.1124968594 -14.6756704365 -1.12241146843
-30.4877602395 -15.4294693166 -0.983260094456
5.12215151958 -20.1903533943 -1.0555262032
-10.3551759092 -20.400186814 -1.01679092589
9.35845893781 -19.5921934911 -1.06786656414
-14.6061510016 -19.9170929983 -1.0078900717
7.70744470121 -19.8549069174 -1.06296203763
-12.9486176074 -20.1349508857 -1.01126588367
24.9975790603 -14.7329304602 -1.12194481407
-30.371331474 -15.4835928659 -0.983372433686
33.6950790057 -8.3950759717 -1.1637054812
-39.237552696 -9.38385801992 -0.981176182983
1.31089404056 -20.5235172488 -1.04508289809
-6.53628269034 -20.6299051208 -1.02544368272
3.22559155295 -20.3796747541 -1.05025375844
-8.45417791054 -20.5380228913 -1.02102267115
20.4563579753 -16.6808987442 -1.10451581297
-25.7789401148 -17.307732463 -0.988802224738
1.7955337302 -20.4915450748 -1.04637746222
-7.02161142296 -20.6110832656 -1.02431069622
9.64395916039 -19.5428022256 -1.06872740989
-14.8928860105 -19.8754597955 -1.00731877804
29.1930884066 -12.2975795925 -1.14009030452
-34.6313589124 -13.162877694 -0.980356159377
24.0420379122 -15.1921721623 -1.11811882813
-29.4036844007 -15.9167609992 -0.984359632027
30.3597357662 -11.4597523021 -1.14565235209
-35.8203040268 -12.3569862805 -0.980022839789
4.96090426834 -20.2082909371 -1.05507201659
-10.1935013864 -20.4137463541 -1.01714491916
8.92050632021 -19.6656662492 -1.06655341042
-14.1663664318 -19.9786658599 -1.00877364047
21.9763289485 -16.0913726997 -1.11014859163
-27.3143435164 -16.7596295683 -0.986788284406
14.2328557717 -18.5786156682 -1.08311138839
-19.506249422 -19.0360326126 -0.998672159341
32.5978976978 -9.54740576459 -1.15730332457
-38.1095169307 -10.5060194966 -0.980343101555
26.0808086052 -14.1746369285 -1.12640319432
-31.4693068533 -14.9548709569 -0.982371888422
7.11059286992 -19.9404514747 -1.06121932625
-12.3496648023 -20.2042833562 -1.01251592569
28.4920696324 -12.76143197 -1.13687540215
-33.9180155417 -13.6075548975 -0.98068099667
11.7790386345 -19.1350685264 -1.0752884691
-17.0382404251 -19.5257579551 -1.00316714836
30.6501962329 -11.2365849834 -1.14708398059
-36.1167112833 -12.1417754041 -0.979985707999
27.6279853905 -13.2979621404 -1.13302588514
-33.0396952231 -14.1204624684 -0.981192214693
2.82346208501 -20.4137917556 -1.04915520351
-8.05127087549 -20.5612256336 -1.02193888992
27.5469213958 -13.3464579268 -1.13267065347
-32.9573455496 -14.1667427788 -0.981245960207
1.0538841812 -20.5392601949 -1.0444002729
-6.27894030729 -20.6386747512 -1.02604833253
33.002301949 -9.14382065177 -1.15959508991
-38.5247200586 -10.1135461872 -0.980583626514
23.4923007436 -15.443415412 -1.11595935689
-28.8473342093 -16.1530085015 -0.984968377761
17.5207541797 -17.6708312177 -1.09411474205
-22.8175631264 -18.2177167898 -0.993159592378
23.196727876 -15.5747948718 -1.11481019874
-28.5483062581 -16.2763266778 -0.985307333616
32.3898680411 -9.74673701039 -1.15615102285
-37.896156744 -10.6996377618 -0.980245416826
28.9260144049 -12.4775219789 -1.13885512843
-34.3595020345 -13.3355135405 -0.980469771509
1.04088988346 -20.5400338818 -1.04436583127
-6.26592980137 -20.6390958787 -1.02607897341
22.4489674705 -15.8961154857 -1.11193850591
-27.7921047446 -16.5772573714 -0.986199622791
19.110840196 -17.1575064109 -1.09967500198
-24.4209887604 -17.7476879249 -0.990727415638
22.3650235516 -15.9312282945 -1.1116192103
-27.7072392311 -16.6100815512 -0.986302808406
4.54789645243 -20.2526644647 -1.05391374185
-9.77944178679 -20.4469069392 -1.01805655511
30.5136641429 -11.3422731964 -1.14640850651
-35.9773625188 -12.2437233703 -0.980000683965
25.2755565727 -14.5936436965 -1.12307612011
-30.6529850334 -15.3518932843 -0.983103144899
14.0543218664 -18.6224311736 -1.08253150963
-19.32659264 -19.0749919581 -0.998988728344
31.985892436 -10.1193386613 -1.15395990468
-37.4822225581 -11.0611506243 -0.980101290475
3.82370443327 -20.3250525467 -1.05190017426
-9.05355250511 -20.4996355858 -1.01967212192
18.3180635454 -17.4199199059 -1.09688195901
-23.6213854641 -17.9885127747 -0.991919639442
9.1986945881 -19.6193166249 -1.06738649807
-14.4457096678 -19.9398749528 -1.0082113879
27.2646443307 -13.5130029345 -1.1314411555
-32.670654615 -14.3255740192 -0.981440424698
14.9568850515 -18.3953520319 -1.08548095361
-20.2349836206 -18.8724647752 -0.997405877446
14.3538770108 -18.548608108 -1.08350545173
-19.6280401358 -19.0093169684 -0.998458534542
20.5284528444 -16.6542004441 -1.10477892264
-25.8517326852 -17.2829984701 -0.988702723026
16.305859677 -18.0292951748 -1.08997491147
-21.5933917624 -18.5431131818 -0.99512403873
11.4349214056 -19.2054502625 -1.07421600475
-16.692340582 -19.5867848047 -1.00382159731
15.9147684002 -18.1387986931 -1.08866117887
-21.1994739338 -18.6419739618 -0.995774957042
17.8754843854 -17.5607725347 -1.09534084249
-23.1751483153 -18.1173153021 -0.992602973263
27.5737855373 -13.3304201637 -1.13278826765
-32.9846348499 -14.1514391994 -0.981228043966
32.0581835275 -10.053994795 -1.15434771901
-37.5562595735 -10.9977905971 -0.980122887838
9.59642413831 -19.5511080588 -1.06858381677
-14.8451431668 -19.8824739017 -1.00741363789
26.407439226 -13.9977525685 -1.1277749983
-31.8006154963 -14.7869065895 -0.982097060578
34.8961238145 -6.85953560861 -1.171594842
-40.4798086878 -7.88144263689 -0.982950668042
31.6657996226 -10.4021369762 -1.15226372876
-37.1545763094 -11.3351672356 -0.980026218211
20.7622908934 -16.5667630606 -1.10563501953
-26.0878565539 -17.2019325817 -0.988382641067
0.682204203607 -20.5605453341 -1.04341784396
-5.90681964004 -20.6498758346 -1.02692742163
26.7420961189 -13.8121382459 -1.12919460149
-32.1401842673 -14.6104330619 -0.981829271792
15.9797683909 -18.1207930449 -1.08887889969
-21.2649384393 -18.6257370822 -0.995666162931
17.145472315 -17.7845754223 -1.09282625564
-22.4393338635 -18.321245289 -0.993756926545
14.9814551613 -18.3889740919 -1.08556187596
-20.2597177017 -18.8667552753 -0.997363405666
24.0208620395 -15.202020113 -1.11803509867
-29.3822491813 -15.9260312512 -0.984382545808
6.99167984056 -19.9569068467 -1.06087400936
-12.2303491378 -20.2175089495 -1.01276682637
30.7954448275 -11.1225684105 -1.14780766034
-36.2649992609 -12.0317384447 -0.979974750546
29.2368140994 -12.2677256043 -1.14029379428
-34.6758783403 -13.1342200865 -0.9803387971
2.06169384303 -20.4727117132 -1.04709252291
-7.28818452463 -20.5994724192 -1.02369247965
-0.755496077202 -20.6264560968 -1.03967048609
-4.46786019825 -20.6767863662 -1.03037951164
35.4118895135 -6.05930758161 -1.17543542682
-41.0170915959 -7.09549128597 -0.984155776547
24.5071514976 -14.972323357 -1.11996928468
-29.8745905281 -15.7096022542 -0.983867501764
22.0145967427 -16.0757824278 -1.11029281048
-27.3530201371 -16.7450824681 -0.98673993362
6.24087329543 -20.0563369579 -1.05870806938
-11.4771215791 -20.2965481618 -1.01436504905
32.493548003 -9.64805816751 -1.15672317833
-38.0024753268 -10.6038059681 -0.980292006639
1.36279552169 -20.5202362146 -1.04522107722
-6.58825408521 -20.62803234 -1.02532189806
21.7123546741 -16.1978841106 -1.10915707433
-27.0475771054 -16.8589454777 -0.987125057644
9.09164608171 -19.6372840163 -1.06706549738
-14.3382131482 -19.9549336562 -1.0084273314
0.563627601543 -20.5669679098 -1.04310560376
-5.78811242752 -20.6530814418 -1.02720903424
5.95410021982 -20.0922935126 -1.05788727799
-11.1894786136 -20.3247170876 -1.01498185499
7.90095757396 -19.8261081862 -1.06353048181
-13.142840505 -20.111408871 -1.01086393728
28.3431184339 -12.8565746518 -1.13620328534
-33.7665382926 -13.6986245294 -0.980760765443
17.2367533225 -17.7571609041 -1.09313884877
-22.5313249445 -18.2963154768 -0.993610842604
34.1259663364 -7.88494978813 -1.16640483701
-39.6821191838 -8.88560077623 -0.981684530911
3.49388632335 -20.3557480387 -1.05099044059
-8.72302304643 -20.5213784347 -1.02041504735
25.927544235 -14.2562248735 -1.12576404114
-31.3138857029 -15.0322739069 -0.982505285882
19.6598650284 -16.9679080676 -1.10163457042
-24.9749547055 -17.5730433472 -0.989926516951
15.8199271326 -18.1649329372 -1.0883439459
-21.1039586306 -18.6655274522 -0.995934131552
28.4906776657 -12.7623264305 -1.13686910397
-33.9165998238 -13.608411293 -0.980681725314
-2.44332954868 -20.6707136752 -1.0353776196
-2.77944691593 -20.6752705767 -1.03453641498
15.8642143219 -18.1527495667 -1.08849201611
-21.1485600176 -18.654549186 -0.995859739341
14.912362447 -18.4068824518 -1.08533440332
-20.1901646169 -18.8827839488 -0.997482923389
13.9800530532 -18.6405000253 -1.08229079239
-19.2518610064 -19.0910407405 -0.999120916164
3.73660204945 -20.3332966769 -1.05165947812
-8.96625852466 -20.5055153423 -1.01986788947
11.7090413066 -19.1495332546 -1.07506984109
-16.9678764709 -19.5383197392 -1.00329980407
10.1267449112 -19.4565689099 -1.07019183167
-15.377833367 -19.8023464935 -1.00636124355
11.3032502276 -19.2318986257 -1.07380719246
-16.5600003921 -19.6096538414 -1.00407352918
14.6952521063 -18.4626162959 -1.08462134977
-19.971622291 -18.9326114445 -0.997860182547
29.4807606557 -12.099072621 -1.14143580834
-34.9243100431 -12.9722425072 -0.980248530684
-0.125141963067 -20.600763231 -1.04130319703
-5.09867943593 -20.6681918216 -1.02885587019
33.8817153001 -8.17882896008 -1.16485954777
-39.429986243 -9.17275023674 -0.981381547298
35.3272312666 -6.19876841686 -1.17477895882
-40.9286814854 -7.23260575196 -0.983932448624
5.81483384708 -20.1093550201 -1.05748996119
-11.0498006489 -20.3379968153 -1.01528265525
8.94784569728 -19.6611604417 -1.066635125
-14.1938179786 -19.9749028787 -1.00871822921
32.6972167981 -9.45032068715 -1.15785963312
-38.2114330233 -10.4116626595 -0.980395776579
-0.666063352842 -20.6231148859 -1.03990115293
-4.55735066625 -20.6758709013 -1.03016238544
3.73928884915 -20.3330438535 -1.05166689799
-8.96895119433 -20.5053354509 -1.01986184608
12.1669292929 -19.0535288282 -1.07650444419
-17.4282002693 -19.4547639426 -1.00243638846
30.4783221145 -11.3694016521 -1.14623439423
-35.9412976046 -12.2698837285 -0.980005282623
30.9463463387 -11.0023338977 -1.14856522827
-36.4191067433 -11.9156390825 -0.979968969121
34.9216992341 -6.8223750475 -1.17177718405
-40.5063827147 -7.8449890904 -0.983002495101
23.8039649486 -15.3020972968 -1.11718003251
-29.1627171748 -16.0201915602 -0.98461973555
16.2641135775 -18.0411179367 -1.08983424928
-21.5513403126 -18.5537998608 -0.995193097585
8.9701908671 -19.6574697687 -1.066701938
-14.2162550435 -19.9718193396 -1.00867296522
1.88918629024 -20.4850214796 -1.04662873563
-7.11540649973 -20.6071009863 -1.02409284237
33.0311551745 -9.11415563978 -1.15976139887
-38.5543673624 -10.0846742944 -0.980603525549
15.1610939512 -18.3420223553 -1.08615455287
-20.440564035 -18.8246908054 -0.997053892496
-1.27627434854 -20.643918447 -1.03833369274
-3.94679976588 -20.6801240182 -1.03165013945
26.0898844501 -14.1697776145 -1.12644113278
-31.4785111737 -14.9502594757 -0.982364076906
28.6818002407 -12.638554066 -1.13773695285
-34.1110095457 -13.4898657714 -0.980584698288
18.5226319481 -17.3534636815 -1.09759863624
-23.8276813183 -17.9276268307 -0.991608042194
30.8717820719 -11.0619752701 -1.14819015398
-36.3429520737 -11.9732370873 -0.979971100764
-0.869276599201 -20.6305617909 -1.03937748746
-4.35401014943 -20.6778059654 -1.03065620654
12.243417414 -19.037171784 -1.07674511657
-17.5051039604 -19.4404865035 -1.00229316547
1.76963371309 -20.4933294384 -1.04630803501
-6.99567252837 -20.6121648246 -1.02437100683
13.0814160511 -18.8518744809 -1.07940148448
-18.3478207682 -19.2779754515 -1.00074318838
29.5564970884 -12.0459732846 -1.14179273646
-35.0014589892 -12.9212159099 -0.980222830885
26.4427101424 -13.9784020346 -1.12792393439
-31.8363983417 -14.768519365 -0.982068169643
13.2525731016 -18.8126384577 -1.07994850232
-18.5199791858 -19.2433939179 -1.00043098682
32.7339613214 -9.41407696811 -1.15806649438
-38.2491471762 -10.3764284118 -0.98041628929
1.99084237486 -20.4778135631 -1.04690189044
-7.21722072053 -20.6026516127 -1.02385676982
7.08322026204 -19.9442565765 -1.0611397823
-12.3221990442 -20.2073449884 -1.01257362632
2.8467958705 -20.411869172 -1.04921876431
-8.07464823154 -20.5599363351 -1.02188554623
-1.89427525403 -20.6602308734 -1.03676151241
-3.32858364649 -20.679676468 -1.03317185304
8.97508746424 -19.656660058 -1.06671658211
-14.221171804 -19.9711426732 -1.00866304933
29.3417281213 -12.1956326364 -1.14078352697
-34.7827093641 -13.0649978459 -0.98029859314
-1.4523150654 -20.6490523247 -1.03788428308
-3.77068452853 -20.6804835518 -1.03208207437
19.2580695128 -17.1073062794 -1.10019842134
-24.569525655 -17.7014976352 -0.990510617653
10.8039363895 -19.3297934362 -1.07226464129
-16.0582146983 -19.6939762739 -1.00503644079
15.4675358443 -18.2606160504 -1.08716980593
-20.7491014489 -18.7516220647 -0.996530030085
29.369113516 -12.1767059426 -1.14091170914
-34.8105980907 -13.0468205294 -0.980288440157
12.5132808953 -18.9787231785 -1.07759662337
-17.7764536668 -19.3893753802 -1.00179017208
4.27921046093 -20.2803242596 -1.05316409805
-9.51010431062 -20.4672724964 -1.01865342855
1.84551366043 -20.488077538 -1.04651151549
-7.07166703263 -20.6089719577 -1.02419438945
24.6216881117 -14.9171238519 -1.12042837834
-29.9905823554 -15.6575281317 -0.983749649355
2.97605132781 -20.4010919507 -1.04957126278
-8.20414849567 -20.5526671869 -1.02159045391
16.1907090974 -18.0618285176 -1.08958716599
-21.4774010349 -18.5725128329 -0.995314773139
12.2270077792 -19.0406887576 -1.07669345817
-17.4886049594 -19.4435573192 -1.00232386787
1.04935853688 -20.5395298971 -1.04438827681
-6.2744090114 -20.6388216642 -1.02605900335
21.3961490256 -16.3231346947 -1.10797687808
-26.7280902124 -16.9755776785 -0.987535816102
9.64856419492 -19.5419958325 -1.06874132634
-14.8975112256 -19.8747785412 -1.00730959385
27.5930612257 -13.3188922639 -1.13287272433
-33.0042161539 -14.1404381021 -0.981215252828
35.2821477115 -6.27160439848 -1.1744339688
-40.8816387704 -7.30419273434 -0.983818024032
14.5031837088 -18.5112435769 -1.08399272096
-19.7783054707 -18.9760138766 -0.998196061551
5.87054410967 -20.1025612896 -1.0576487978
-11.1056747095 -20.332715886 -1.01516222855
13.9638016857 -18.6444414758 -1.08223815876
-19.2355087001 -19.0945401677 -0.999149880101
9.24466332277 -19.6115503419 -1.06752450515
-14.4918721643 -19.9333577364 -1.00811881714
14.279340913 -18.5671189465 -1.08326265649
-19.5530293266 -19.025800329 -0.998590011985
12.8365859979 -18.9071740459 -1.07862166044
-18.1015807042 -19.3266173476 -1.00119237091
34.3660486377 -7.58274622938 -1.16796663265
-39.9303107291 -8.59001697604 -0.982024318235
11.6567901633 -19.1602813091 -1.07490680014
-16.9153529931 -19.5476473148 -1.00339898372
27.9583501419 -13.0971449704 -1.13448380134
-33.3753858217 -13.9286753246 -0.980983186854
16.4773291365 -17.9803948854 -1.09055376233
-21.7661246258 -18.4988794055 -0.99484145066
12.0658029102 -19.0750136455 -1.07618670039
-17.3265282821 -19.4734993268 -1.00262619036
18.1845607674 -17.4628263473 -1.09641573981
-23.4867679081 -18.0277841825 -0.992124447956
33.4221071076 -8.6996375758 -1.16205522601
-38.9564196853 -9.68090736273 -0.980912692236
15.9683717571 -18.1239555895 -1.0888407082
-21.2534602099 -18.6285895015 -0.995685220609
9.34911302733 -19.5937903134 -1.0678384485
-14.596765213 -19.9184358661 -1.00790883608
9.70122611927 -19.5327521172 -1.06890054191
-14.950404527 -19.8669658879 -1.0072046352
28.5258149328 -12.7397165381 -1.13702818827
-33.952337482 -13.5867622853 -0.980663430159
24.6048777893 -14.9252520988 -1.12036091214
-29.9735577293 -15.6651976622 -0.983766862257
35.1795050592 -6.43394461488 -1.1736597314
-40.7746302452 -7.46369061095 -0.983568482943
30.1183824035 -11.6405060715 -1.14447781833
-35.5741363195 -12.5311304971 -0.980068430365
32.9036606378 -9.24433181464 -1.15902943534
-38.4233885702 -10.2113462246 -0.980518446065
8.67584479438 -19.7055128531 -1.06582367273
-13.9207140083 -20.0118650466 -1.00927101689
29.2874614127 -12.2330045869 -1.14052994977
-34.7274488656 -13.1008848844 -0.98031913088
4.76743737737 -20.2293577538 -1.05452853892
-9.99953418867 -20.4295605444 -1.01757107703
18.5407065248 -17.3475503753 -1.09766209171
-23.8459096515 -17.9222057001 -0.991580641973
18.8515375372 -17.2447912391 -1.09875677462
-24.1594137849 -17.8279109696 -0.991112794458
0.973799864069 -20.543994381 -1.04418811746
-6.19875702289 -20.6412361139 -1.02623728057
-2.29005023505 -20.6681665904 -1.03576274099
-2.93273895172 -20.6768798241 -1.03415427688
16.7883181076 -17.8903029302 -1.09160811636
-22.0794430513 -18.4172514798 -0.994333343712
25.5917904617 -14.4319034528 -1.12437367798
-30.9734899705 -15.1987856089 -0.982807129518
9.40664042544 -19.5839412173 -1.06801157484
-14.6545386203 -19.9101499574 -1.00779339784
19.993333156 -16.8494994926 -1.10283522446
-25.3115121338 -17.4637186244 -0.989450290674
15.8785956118 -18.1487856369 -1.08854012323
-21.1630435437 -18.6509765901 -0.995835606174
0.22576490472 -20.5842934609 -1.04221906366
-5.44990401175 -20.6612411783 -1.02801450473
33.2887931318 -8.84370957694 -1.16126428505
-38.8192466576 -9.82131224413 -0.980798702065
29.6607679924 -11.9722811209 -1.14228602808
-35.1076905111 -12.8503776268 -0.980189295778
5.1979812379 -20.1817984725 -1.05574017738
-10.4312098003 -20.3936907787 -1.01662482935
24.5582998194 -14.9477257094 -1.12017413171
-29.9263872725 -15.6864002813 -0.983814707041
-2.36784200899 -20.6694959966 -1.03556716752
-2.85493972504 -20.6760998099 -1.03434810272
31.5433790207 -10.5076004765 -1.151623679
-37.0293399389 -11.4372731337 -0.980005982283
31.5343863244 -10.5152910234 -1.15157684432
-37.020141937 -11.4447170606 -0.980004673662
-1.19261908074 -20.6413426812 -1.0385476916
-4.03049413867 -20.6798170903 -1.03144531054
10.1486915457 -19.4525673333 -1.07025866398
-15.3998804768 -19.7989413607 -1.00631797224
9.95642285148 -19.48738232 -1.06967394079
-15.2067381039 -19.828531148 -1.00669782155
29.434613945 -12.1312527997 -1.14121888769
-34.8773073877 -13.003159816 -0.980264735972
21.7001750384 -16.202755347 -1.10911146492
-27.0352698123 -16.8634847332 -0.987140731941
-2.01617765744 -20.6628839844 -1.03645321017
-3.20665410573 -20.6790238345 -1.03347379169
5.02979917888 -20.2006691312 -1.05526593776
-10.2625777085 -20.4079950893 -1.0169935382
23.5821816336 -15.4029574428 -1.11631043374
-28.9382795027 -16.1150020781 -0.984866898943
32.22024279 -9.90543235237 -1.15522378248
-37.7222891238 -10.8536762091 -0.980177839833
1.4129138164 -20.5170353962 -1.04535461341
-6.6384407735 -20.6261914036 -1.02520439987
