-39.9769253108 0.679235359107 0.0
-39.9769253108 -0.679235359107 0.0
-39.9921419194 0.396416666709 3.15544362088e-30
-39.9921419194 -0.396416666709 3.15544362088e-30
-38.7578188568 4.94548980034 0.0
-38.7578188568 -4.94548980034 0.0
-39.696372942 2.45957187583 3.15544362088e-30
-39.696372942 -2.45957187583 3.15544362088e-30
-39.6997660021 2.44584235897 0.0
-39.6997660021 -2.44584235897 0.0
-39.8292733678 1.84587262532 0.0
-39.8292733678 -1.84587262532 0.0
-39.4395665927 3.33618745654 3.15544362088e-30
-39.4395665927 -3.33618745654 3.15544362088e-30
-38.7193618654 5.02023447494 0.0
-38.7193618654 -5.02023447494 0.0
-38.5573537665 5.32283924522 0.0
-38.5573537665 -5.32283924522 0.0
-39.0080836429 4.42632495723 0.0
-39.0080836429 -4.42632495723 0.0
-39.646496887 2.65307767447 0.0
-39.646496887 -2.65307767447 0.0
-39.9972857304 0.232988303349 0.0
-39.9972857304 -0.232988303349 0.0
-39.2980741893 3.73032723136 0.0
-39.2980741893 -3.73032723136 0.0
-39.9873053 0.503838974125 0.0
-39.9873053 -0.503838974125 0.0
-39.8890021728 1.48891786676 0.0
-39.8890021728 -1.48891786676 0.0
-39.4648496916 3.26058425834 0.0
-39.4648496916 -3.26058425834 0.0
-39.5256327003 3.07100796335 0.0
-39.5256327003 -3.07100796335 0.0
-39.5982499854 2.82748112684 0.0
-39.5982499854 -2.82748112684 0.0
-39.4813387219 3.21029175971 -3.15544362088e-30
-39.4813387219 -3.21029175971 -3.15544362088e-30
-38.6385324111 5.17358224822 0.0
-38.6385324111 -5.17358224822 0.0
-39.0151244597 4.41078404019 0.0
-39.0151244597 -4.41078404019 0.0
-38.4405738018 5.52997029357 0.0
-38.4405738018 -5.52997029357 0.0
-39.9082452308 1.3538798506 0.0
-39.9082452308 -1.3538798506 0.0
-38.6188128605 5.21026134763 0.0
-38.6188128605 -5.21026134763 0.0
-39.7477195253 2.24269885055 0.0
-39.7477195253 -2.24269885055 0.0
-39.6270844652 2.72461817441 0.0
-39.6270844652 -2.72461817441 0.0
-39.9190358095 1.27186674221 0.0
-39.9190358095 -1.27186674221 0.0
-38.7837512199 4.89440091625 0.0
-38.7837512199 -4.89440091625 0.0
-39.9976902737 0.214926014085 0.0
-39.9976902737 -0.214926014085 0.0
-39.9282858968 1.19707824948 0.0
-39.9282858968 -1.19707824948 0.0
-38.2393838983 5.86833705323 0.0
-38.2393838983 -5.86833705323 0.0
-38.3285644812 5.72103890938 0.0
-38.3285644812 -5.72103890938 0.0
-39.82358763 1.87629077417 0.0
-39.82358763 -1.87629077417 0.0
-38.3464339342 5.69102373332 0.0
-38.3464339342 -5.69102373332 0.0
-39.9991653063 0.129204105004 0.0
-39.9991653063 -0.129204105004 0.0
-39.759482381 2.18995209951 0.0
-39.759482381 -2.18995209951 0.0
-38.4479855507 5.51707366031 0.0
-38.4479855507 -5.51707366031 0.0
-38.2344544996 5.87636131281 0.0
-38.2344544996 -5.87636131281 0.0
-39.7109746658 2.39992140964 0.0
-39.7109746658 -2.39992140964 0.0
-38.6437815793 5.16377152023 0.0
-38.6437815793 -5.16377152023 0.0
-39.9302204199 1.18083627323 0.0
-39.9302204199 -1.18083627323 0.0
-38.2791225089 5.80320557863 0.0
-38.2791225089 -5.80320557863 0.0
-39.3024840444 3.71869425817 0.0
-39.3024840444 -3.71869425817 0.0
-39.9970613738 0.242425999094 0.0
-39.9970613738 -0.242425999094 0.0
-38.8018920782 4.85832201353 0.0
-38.8018920782 -4.85832201353 0.0
-39.7817376727 2.08646517688 0.0
-39.7817376727 -2.08646517688 0.0
-39.8960747329 1.44076549993 0.0
-39.8960747329 -1.44076549993 0.0
-38.5134956285 5.40163527269 0.0
-38.5134956285 -5.40163527269 0.0
-39.5029076349 3.14325819773 0.0
-39.5029076349 -3.14325819773 0.0
-39.9696531817 0.77891343081 0.0
-39.9696531817 -0.77891343081 0.0
-39.8778006697 1.5621310565 3.15544362088e-30
-39.8778006697 -1.5621310565 3.15544362088e-30
-39.7980576995 2.00714992898 0.0
-39.7980576995 -2.00714992898 0.0
-39.9951302409 0.31207251196 0.0
-39.9951302409 -0.31207251196 0.0
-39.4781219279 3.22016649586 0.0
-39.4781219279 -3.22016649586 0.0
-38.1908410722 -5.94684071996 3.15544362088e-30
-38.1908410722 5.94684071996 3.15544362088e-30
-39.5396332599 -3.02561570902 0.0
-39.5396332599 3.02561570902 0.0
-39.5260164829 -3.06977283333 3.15544362088e-30
-39.5260164829 3.06977283333 3.15544362088e-30
-39.3390773578 -3.62066957324 0.0
-39.3390773578 3.62066957324 0.0
-39.8990487468 -1.42002720925 3.15544362088e-30
-39.8990487468 1.42002720925 3.15544362088e-30
-38.3823295639 -5.63020375396 0.0
-38.3823295639 5.63020375396 0.0
-38.4323663101 -5.54421364597 0.0
-38.4323663101 5.54421364597 0.0
-39.3464449082 -3.60059970992 3.15544362088e-30
-39.3464449082 3.60059970992 3.15544362088e-30
-39.7376260067 -2.2869783203 0.0
-39.7376260067 2.2869783203 0.0
-38.2181220692 -5.90286255783 0.0
-38.2181220692 5.90286255783 0.0
-39.5045503432 -3.13809266042 0.0
-39.5045503432 3.13809266042 0.0
-39.4693562834 -3.24691833041 0.0
-39.4693562834 3.24691833041 0.0
-38.7741209655 -4.91343930845 0.0
-38.7741209655 4.91343930845 0.0
-39.2013268718 -3.97668113801 -3.15544362088e-30
-39.2013268718 3.97668113801 -3.15544362088e-30
-39.579487914 -2.89240974219 0.0
-39.579487914 2.89240974219 0.0
6.54490872037 -18.5124858135 -1.16543843641
-9.61703619311 -18.8528991365 -1.09679630174
5.59875704442 -18.6244777761 -1.1612072818
-2.80983357885 -19.1118578842 -1.12477789395
-1.19759790856 -19.0876548039 -1.13160275533
7.12690924591 -18.4376138489 -1.16805494445
-7.904614237 -18.9737414643 -1.10370666927
3.89073691987 -18.7966682012 -1.15363834989
-6.26960395042 -19.0538463031 -1.11038614842
2.25886994744 -18.9258158035 -1.14648859498
-5.48843610022 -19.0801129774 -1.1136051782
1.47884329388 -18.9755193218 -1.14309882912
-9.73303704136 -18.8433276467 -1.09633138909
5.71441809249 -18.6114285493 -1.16172303244
-6.17408711891 -19.0574727228 -1.11077879526
2.16350511054 -18.9323077623 -1.14607320801
8.99978574904 -18.1650860325 -1.17654784994
10.5583860787 -17.9004704973 -1.18370299177
-5.8431965951 -19.0691413003 -1.11214107283
1.83311427235 -18.953903577 -1.14463617174
10.8339027031 -17.8500134429 -1.18497632292
-4.05459892291 -19.1083014295 -1.11955998749
0.0464993328704 -19.0467352378 -1.13692061758
-5.26174717588 -19.0862916389 -1.11454265167
1.25244217157 -18.9884998268 -1.14211829717
-5.20182587133 -19.0878165736 -1.1147907068
1.19259368994 -18.9918227603 -1.1418593469
-3.08356840411 -19.1127392241 -1.12362658719
-0.92396004115 -19.0803189176 -1.13276856809
9.49089107809 -18.0854823348 -1.1787936688
-1.5203689448 -19.095103059 -1.13023039826
-2.48698436432 -19.1096140086 -1.12613855464
5.16517079649 -18.6718183571 -1.15927749889
-9.18222350889 -18.8872032059 -1.09854259574
9.59239478034 -18.0685998049 -1.17925883685
9.11829665963 -18.1461907499 -1.17708907285
4.81710725012 -18.7080265761 -1.15773250248
-8.83322934026 -18.9129471087 -1.09994836042
9.78553408478 -18.0360669446 -1.18014489496
-0.384509675561 -19.0631091872 -1.13507320285
-3.62329244532 -19.1117301927 -1.12136289743
3.05855419695 -18.8668041033 -1.14998239922
-7.07070011793 -19.0188657155 -1.10710358327
9.86399643332 -18.022696881 -1.18050520886
6.69983840713 -18.4930026934 -1.16613392104
8.06454567043 -18.3072619079 -1.17229276824
5.6402411243 -18.6198178558 -1.16139221856
-9.65864153503 -18.8494865649 -1.09662950717
7.97143611631 -18.3207480444 -1.17187069015
2.05973039065 -18.9392405755 -1.14562149372
-6.0701509548 -19.0612873547 -1.11120635564
8.80088614167 -18.1963515165 -1.17564053556
2.30440242575 -18.922675284 -1.14668701832
-6.31521022782 -19.0520739699 -1.11019876627
1.2730768242 -18.9873436347 -1.14220760272
-5.28240725206 -19.0857553684 -1.11445714978
6.83252803804 -18.4760584477 -1.16673016521
9.16492101132 -18.1387023462 -1.17730212609
7.14089075684 -18.4357586215 -1.16811793202
0.177415543765 -19.0412996513 -1.1374828256
-4.18561936815 -19.1067980683 -1.11901337413
5.15085213302 -18.6733393482 -1.15921386804
-9.16786561663 -18.8882937011 -1.09860035752
-0.682547609135 -19.0730682468 -1.13379888609
-3.32508976523 -19.1127384148 -1.12261256623
6.14904574517 -18.5607997408 -1.16366478504
8.15924055799 -18.2934227378 -1.172722318
1.87280176969 -18.9513827987 -1.14480862314
-5.88294191224 -19.0678129773 -1.11197727194
5.72912658365 -18.6097563511 -1.16178864934
-9.74778912727 -18.8420977143 -1.09627229447
9.96453400049 -18.0054350022 -1.18096719709
8.31391360887 -18.2705497691 -1.17342455732
1.91838034927 -18.9484631452 -1.14500672973
-5.92858763609 -19.0662627942 -1.1117892109
3.83285528625 -18.8018360256 -1.15338339482
-7.84660347952 -18.9771694978 -1.10394230594
2.40297016141 -18.9157861458 -1.14711677027
-6.41394044373 -19.0481466928 -1.10979332322
10.2499603493 -17.9556284813 -1.18228063098
5.56790655625 -18.627928411 -1.161069784
-9.58609597079 -18.8554221617 -1.09692037428
9.52669136586 -18.0795447521 -1.17895769427
7.71719042764 -18.3569624121 -1.17071957201
3.43077825261 -18.8365378665 -1.15161510426
-7.44366542525 -18.9997863531 -1.10558177796
1.66139517544 -18.9645798663 -1.14389054507
-5.67123424997 -19.0746582016 -1.11285030679
1.64840209336 -18.9653724511 -1.14383416261
-5.65822322015 -19.0750604094 -1.11290400406
5.15496618302 -18.6729026126 -1.15923214987
-9.17199092957 -18.8879806558 -1.09858376075
4.43088453151 -18.7463439435 -1.15602242237
-8.44602985436 -18.9396537668 -1.10151230496
9.80481023889 -18.0327905099 -1.18023339565
10.2024377469 -17.9640034534 -1.18206175806
1.28974873973 -18.9864055456 -1.14227976687
-5.29909982695 -19.0853181511 -1.1143880765
7.59830217359 -18.3735907351 -1.17018200259
2.66910102621 -18.8965656981 -1.14827852403
-6.68052862201 -19.0369234889 -1.10869998879
-0.147845708906 -19.0544071551 -1.13608693784
-3.86011107603 -19.1101361396 -1.12037230195
6.84764555254 -18.4741128382 -1.16679813109
1.97027669703 -18.9451066293 -1.14523237071
-5.98056140117 -19.0644655892 -1.11157515244
9.69778862793 -18.0509136009 -1.17974219448
1.17118230268 -18.9930005686 -1.1417667303
-5.18038876147 -19.0883511351 -1.11487947501
6.56092679815 -18.5104864799 -1.16551030741
8.50738322225 -18.2414695833 -1.1743040249
4.10111337794 -18.7775191124 -1.15456585496
-8.11547100548 -18.9609159805 -1.10285102413
-1.83560315948 -19.1011193007 -1.12889299304
-2.17171158556 -19.1061650018 -1.12747019024
4.34379474898 -18.7547147528 -1.15563743702
-8.35872791181 -18.9454065861 -1.10186554875
10.7326172299 -17.8686929575 -1.1845079192
0.482466670737 -19.0277975702 -1.13879477318
-4.49093849928 -19.1024589407 -1.11774152303
6.42168622291 -18.5277505379 -1.16488582031
9.55402399478 -18.0749991802 -1.17908295223
-0.0584184630558 -19.0509358833 -1.13647041672
-3.94960226295 -19.1093508133 -1.11999838939
4.34648116213 -18.7544580218 -1.15564930904
-8.36142082493 -18.9452306102 -1.10185464919
9.57636363758 -18.0712760068 -1.1791853471
2.49661258036 -18.9091263485 -1.14752531349
-6.50774067523 -19.0443008076 -1.10940839056
-0.668594981411 -19.0726268635 -1.13385848574
-3.33904935916 -19.1127160532 -1.1225540088
-0.26161947223 -19.0586783185 -1.13559939244
-3.74626032382 -19.1109901758 -1.12084832893
2.37707292008 -18.9176081766 -1.14700383144
-6.38800015234 -19.0491905321 -1.10989982127
2.59825747259 -18.9017705899 -1.14796906294
-6.60956067584 -19.0399994891 -1.10899083933
7.68982354789 -18.3608073255 -1.17059578911
3.45410907866 -18.8345813474 -1.15171757878
-7.46704449815 -18.9985310488 -1.10548652172
-1.2865678953 -19.0898380308 -1.13122417224
-2.72083813321 -19.1113694722 -1.12515266809
9.58125902217 -18.0704591741 -1.17920778756
-0.844627015347 -19.0780167529 -1.13310696539
-3.1629348067 -19.1128194747 -1.12329318344
4.88632230837 -18.7009531796 -1.1580394435
-8.9026256487 -18.9079545632 -1.0996685365
2.45294469989 -18.9122459215 -1.14733476702
-6.46399878407 -19.0461081743 -1.10958786418
3.58334795723 -18.8236161429 -1.1522855206
-7.59655445777 -18.9914502137 -1.10495913673
1.65686995486 -18.9648561502 -1.14387090767
-5.66670277127 -19.0747985252 -1.1128690079
10.2545641781 -17.9548153901 -1.1823018387
6.47738621142 -18.5208757819 -1.16513555961
9.85076735026 -18.0249573665 -1.180444444
9.95519047915 -18.0070454179 -1.18092424766
10.3072122821 -17.9454950788 -1.18254441512
9.28208953632 -18.1197472087 -1.17783785131
5.3744716665 -18.6492766043 -1.1602083268
-9.39210707807 -18.8709543015 -1.0976989463
1.58131830088 -18.9694305205 -1.14354313652
-5.59104778633 -19.0771029628 -1.11318131956
-1.68232860618 -19.0983493084 -1.12954291333
-2.32500022646 -19.1079971738 -1.12682237762
10.012703142 -17.9971126494 -1.18118866291
0.83334715046 -19.010817476 -1.1403071703
-4.84217078551 -19.0960190496 -1.11628176019
5.80494332551 -18.6010911428 -1.16212698524
-9.82383195501 -18.8357122406 -1.0959677836
-1.76011791072 -19.0997918439 -1.12921298347
-2.2472026693 -19.1071040202 -1.12715107279
-0.584944037978 -19.0699294397 -1.13421592496
-3.42274360458 -19.112530836 -1.12220304805
10.7545578874 -17.8646594596 -1.18460935594
10.5623412038 -17.8997541002 -1.1837212525
-1.40846559931 -19.0926684202 -1.1307058475
-2.59891037931 -19.1105395238 -1.12566649702
5.63678989656 -18.6202064048 -1.16137683091
-9.65518019284 -18.8497713416 -1.09664338158
2.02038998739 -18.9418329227 -1.14545033423
-6.03075042556 -19.0626976333 -1.1113685196
-5.16819581493 19.1022321866 -1.60378502257
-4.22214813562 19.2150686718 -1.59880382743
2.57377180932 19.6843184449 -1.56523618472
4.18598261288 19.7099637141 -1.55782879678
-5.75012689963 19.0268408482 -1.60688787244
-2.51428833876 19.3887842164 -1.5900060441
-0.882542212522 19.5193896036 -1.58182984754
7.64580014431 19.6550490565 -1.54264592681
-0.102562325808 19.5697901638 -1.57799965505
6.86460960672 19.6806162415 -1.54598861454
-4.33779705687 19.2019161955 -1.59940858982
-0.787183472935 19.5259667739 -1.58135888125
7.55028015959 19.6585899388 -1.54305196293
-7.62275106098 18.7526422812 -1.61707768564
-9.18110681665 18.4866370639 -1.62580284862
-0.456812940116 19.5478578199 -1.57973302887
7.21937952984 19.6699622133 -1.54446435594
-9.45657684231 18.435934422 -1.62736907809
1.32971409234 19.6422864174 -1.57109640452
5.43074909381 19.7075211537 -1.55225398197
0.123826544378 19.5829730109 -1.5768973253
6.63791541861 19.6865919436 -1.5469679989
0.183671886329 19.586349435 -1.57660663072
6.57799282168 19.6880632316 -1.54722758446
2.30014111364 19.6767378427 -1.56651434133
4.45971616735 19.711089978 -1.55659205935
-8.1137827776 18.6726006324 -1.61980245103
3.8631359983 19.7074309922 -1.55929524374
2.89653548761 19.6920553786 -1.56373634099
-3.78860590566 19.262796341 -1.59654694673
-8.21527087246 18.6556275929 -1.62036840339
-7.74124449512 18.7336413086 -1.61773317362
-3.44057605416 19.2993153307 -1.5947468621
-8.40838010544 18.6229225206 -1.62144793963
4.99944021417 19.7105639155 -1.55417139098
1.76070739858 19.6590457302 -1.56905192046
8.44692693208 19.6207859539 -1.53927012507
-1.68217115172 19.4596634465 -1.58580880278
-8.48683009704 18.6094824992 -1.62188749497
-5.32310742593 19.0826107998 -1.60460810258
-6.68764255628 18.8956523488 -1.6119498306
-4.26362788466 19.2103717187 -1.59902060467
-6.59454549011 18.9092215473 -1.61144365212
7.4463406845 19.662311496 -1.54349464144
-0.683415267701 19.5329923155 -1.58084723581
-7.42388037615 18.7840851554 -1.61598046299
7.69140796459 19.6533175654 -1.54245232214
-0.92807174224 19.5162084002 -1.58205497825
6.65857594999 19.68607417 -1.54687856527
0.103192983859 19.5817983765 -1.57699761956
-5.45578134006 19.0655481403 -1.60531470246
-7.78786192129 18.7261113257 -1.61799140895
-5.76410669066 19.0249731449 -1.60696277959
5.56177069093 19.706135059 -1.55167451413
1.19880307336 19.6367337879 -1.57172039996
-3.7742886571 19.2643301161 -1.59647269074
4.7012371189 19.7113052842 -1.55550591058
2.05873572071 19.6692712899 -1.56764702323
-4.77237768352 19.1508994286 -1.60169147672
-6.78232463043 18.8817287047 -1.61246542782
7.25912599389 19.6686694797 -1.54429422956
-0.496498065396 19.5453015763 -1.57992785514
-4.35250399422 19.2002308674 -1.59948557943
-8.58735171164 18.5921309826 -1.62245156242
-6.9369765068 18.8587177624 -1.61330933553
7.30477305745 19.66716017 -1.54409900694
-0.54207389824 19.5423411934 -1.58015176094
-2.45641152819 19.3940037368 -1.58971223131
7.79014160331 19.6494787068 -1.54203378594
-1.02663301201 19.5092311921 -1.58254292396
-8.8727320397 18.5420699946 -1.6240581388
-4.19130085462 19.2185468473 -1.59864271263
-8.14957757608 18.6666311267 -1.62000195262
-6.34033334255 18.9456627365 -1.61006543914
8.81990904922 19.6020406824 -1.53771657214
-2.05436690396 19.4290647084 -1.58767900904
7.04741243299 19.6753251375 -1.54520191878
-0.285103895785 19.5586875646 -1.57889155347
7.03440105756 19.6757156954 -1.54525782297
-0.27211156041 19.5594917608 -1.57882798223
-3.77840230082 19.2638897074 -1.59649402424
-3.05438902355 19.3379775744 -1.59276149355
-8.4276532313 18.619628899 -1.62155587347
-8.82521717485 18.5504873332 -1.62379011487
6.67526889624 19.6856518976 -1.5468063317
0.0865219543058 19.5808453868 -1.57707867855
-6.22146049301 18.9623971297 -1.60942295454
8.05673958958 19.6384942591 -1.54090768115
-1.2927458523 19.4897729688 -1.58386438728
5.23625989994 19.7091817998 -1.55311672258
1.52405178986 19.6501320923 -1.57017265938
-5.47089705009 19.0635890401 -1.60539530447
7.35674837735 19.6654095053 -1.5438769281
-0.593967089124 19.5389383032 -1.58040691148
-8.3206483713 18.6378474136 -1.62095706178
6.55655525952 19.6885786009 -1.5473205236
0.205082160393 19.5875463804 -1.57650270321
-5.18421203759 19.1002185574 -1.60387002291
-7.13041920479 18.8294650042 -1.61436796797
-2.72464693228 19.3694472403 -1.59107630963
3.54786690841 19.7036999412 -1.56073543325
3.21176366638 19.6983535819 -1.5622796774
-2.96730704202 19.3464261553 -1.59231555768
-9.35530861899 18.4547042171 -1.62679245439
5.86709327044 19.7020692152 -1.5503295905
0.893764808975 19.6229589978 -1.57317981157
-5.04498748266 19.1176068851 -1.6031318887
-8.17690600276 18.6620611826 -1.62015434738
5.32575165281 19.7084765658 -1.55271936122
1.43462786956 19.6465808654 -1.57059733556
-2.96999321589 19.3461670253 -1.59232930364
-8.19924220367 18.6583180894 -1.62027895507
7.88394519158 19.6457168271 -1.54163689275
-1.12026918312 19.5024877277 -1.58300723267
4.71519670956 19.7112954142 -1.55544327741
2.04478352023 19.66881743 -1.56771263227
5.12240856033 19.7099339453 -1.55362318662
1.63782145497 19.6545049814 -1.56963330666
7.76420040166 19.650499315 -1.54214367403
-1.00073748048 19.5110763617 -1.58241464543
7.98576895172 19.6415066988 -1.54120688689
-1.22190717763 19.4950411544 -1.58351204262
-6.31297002452 18.9495320659 -1.60991743385
8.84328923007 19.6008063215 -1.53761957346
-2.07769590162 19.4270873494 -1.58779661816
4.09698776497 19.7093956773 -1.55823218842
2.66273964888 19.686581242 -1.56482191737
-8.20413683315 18.6574968917 -1.62030626711
4.53908236174 19.7112412448 -1.55623461757
2.22081032738 19.6743647332 -1.56688604124
-3.50978452793 19.2921801328 -1.59510399972
7.84020172234 19.6474850193 -1.54182188585
-1.07660422893 19.5056463165 -1.58279062314
8.97280544336 19.593841506 -1.5370830662
-2.20692453563 19.4160067066 -1.58844892781
7.04288083369 19.6754614037 -1.5452213875
-0.280578935493 19.5589678926 -1.57886941135
-8.87733511731 18.5412527991 -1.62408411541
-5.10068109127 19.1106824173 -1.60342695912
-8.47360310311 18.6117547797 -1.62181334364
-8.5780096785 18.5937497287 -1.62239910044
-8.92997461068 18.5318855528 -1.62438131957
-7.9050129174 18.7070517005 -1.61864124818
-3.99788581118 19.2400677271 -1.59763437528
6.96722387044 19.6776981013 -1.54554667476
-0.205031592005 19.5636097813 -1.57849998242
3.70115361382 19.7056692429 -1.56003419271
3.05849190595 19.6954464901 -1.56298693597
-8.63551316258 18.5837656838 -1.62272215271
6.2183308477 19.6959437309 -1.54879181188
0.542900449485 19.6056652512 -1.57486787748
-4.42831268506 19.1914979803 -1.59988272798
3.6233570054 19.7047064921 -1.56038985053
3.13627975949 19.6969586051 -1.56262775274
4.79889098213 19.7111850908 -1.55506809421
1.96113518504 19.6660452051 -1.56810631354
-9.37724555163 18.4506511622 -1.62691728013
-9.18506128005 18.4859171412 -1.62582528091
3.97506097699 19.7084566424 -1.55878589581
2.78463455811 19.6895206535 -1.56425537305
-4.26017701802 19.2107633486 -1.59900256444
7.40693893284 19.6636864922 -1.54366268581
-0.644077301349 19.5356198162 -1.58065350638
39.7916383481 5.07160625608 -4.04571020767
38.6825122558 0.775485794752 -4.02738545064
39.5568775379 3.28465942393 -4.04169454902
37.2870972566 -1.53455262654 -4.00481378734
39.5599169045 3.29847145445 -4.04174508313
39.6739766779 3.90156560995 -4.04365473181
39.3226724573 2.40174526393 -4.03782884718
38.6459899091 0.699779302747 -4.02679230037
38.4918171214 0.393118638019 -4.0242904357
38.9193469808 1.30089903638 -4.03123720645
39.5119874261 3.08993798719 -4.04094963031
39.1913537907 2.00410593268 -4.035676555
39.7975148788 5.24721117571 -4.04583115584
39.7245227601 4.25993494868 -4.04451522161
39.3460048944 2.47797209082 -4.03821213235
39.4018977773 2.66904507676 -4.0391316148
37.3880741635 -1.39540432958 -4.00644277586
39.4682357707 2.91435439895 -4.04022581986
39.3611964624 2.52867098073 -4.03846185308
36.353493682 -2.6974100711 -3.98977192923
37.8897981532 -0.652357276254 -4.01454479542
38.5691304928 0.544408733526 -4.02554466242
38.9259859814 1.31661543491 -4.03134533387
38.3804030598 0.183060370068 -4.0224842486
37.0065031228 -1.90595607476 -4.00028954415
39.7402934696 4.39542211314 -4.04478739531
38.5503607075 0.50723590192 -4.02524009782
39.6026381638 3.50277811763 -4.04245697598
36.8384967226 -2.11860744059 -3.99758216121
39.4944187871 3.0179231029 -4.04065874606
39.7489755832 4.4776850126 -4.04493843065
38.707122427 0.827223026644 -4.02778525115
36.7722903805 -2.20057574589 -3.99651554769
36.3800353703 -2.66695951427 -3.99019915141
39.7563032111 4.55268616031 -4.0450667729
38.1879835785 -0.160355518745 -4.01936786684
38.0081449764 -0.462317124337 -4.01645820797
37.3048588633 -1.51029948013 -4.00510028792
38.2733454844 -0.0108183846569 -4.02074993
39.6690737238 3.87101163186 -4.04357192135
38.2904369376 0.0196452617327 -4.02102673303
37.5965788917 -1.09776108191 -4.00980804489
39.6130427619 3.55580922755 -4.04263086563
38.3874806465 0.196142869138 -4.02259894596
38.1832622397 -0.168503575728 -4.01929144455
39.5699426377 3.34466479362 -4.041911875
37.7755276255 -0.830002879594 -4.01269820072
38.5741256344 0.554350873125 -4.02562572292
38.0322382575 -0.422821291426 -4.01684787027
39.7578202634 4.56897241255 -4.04509346224
37.7373160989 -0.88820919941 -4.01208089507
36.5499163297 -2.46884477334 -3.99293410304
37.0902190586 -1.79736892094 -4.00163901618
36.3633200745 -2.68615192976 -3.98993009509
38.2260335286 -0.0942261906747 -4.01998383736
37.3606120529 -1.43355525855 -4.00599970118
39.195463263 2.01584818981 -4.03574379912
38.7243296339 0.863755366073 -4.02806484392
39.6326335841 3.65983294226 -4.04295893363
39.730357041 4.30825288141 -4.04461562896
38.450000002 0.313223588385 -4.02361235373
39.3810362081 2.59623572327 -4.03878819234
39.7869261681 4.97177445256 -4.04561962017
39.7152042008 4.18645853244 -4.04435542733
37.4150968682 -1.35763376732 -4.00687879706
39.6469118233 3.7395406975 -4.04319864474
39.3582344107 2.5187169838 -4.03841315181
38.1414764072 -0.240078464625 -4.01861515928
39.4147276946 2.71478150615 -4.03934297008
39.4022497053 2.67028964431 -4.03913741077
39.2295256738 2.1147792298 -4.03630141925
39.7327977848 4.32906063132 -4.04465772665
37.4841800209 -1.26001002168 -4.00799364499
38.3247562433 0.0813659418676 -4.02158263401
37.0648644493 -1.83044773795 -4.00123027871
37.9364404921 -0.578226097654 -4.01529878165
36.2311997022 -2.83603742108 -3.9878037141
38.3725646348 0.168611184404 -4.02235722751
36.4793806389 -2.55179061571 -3.99179842587
39.2363750965 2.13503146512 -4.03641360401
39.5936849653 3.45825432108 -4.04230751645
37.6616264639 -1.00182719412 -4.01085839394
38.1676169801 -0.195415023081 -4.01903821533
39.3825456774 2.60144169598 -4.03881303146
39.3501589163 2.49174911507 -4.03828040318
36.9040164313 -2.03648724162 -3.99863786916
36.6633660677 -2.33330081478 -3.9947610614
38.0846612878 -0.335890378556 -4.01769586679
37.6867476291 -0.964359806961 -4.01126410065
38.6979848753 0.80794388542 -4.02763679769
38.0404670942 -0.409266725847 -4.01698096598
37.1403982496 -1.73140027015 -4.00244802507
36.2101442022 -2.85963329102 -3.98746488658
37.9398071167 -0.572837440601 -4.01535320998
39.1009692719 1.75535154269 -4.03419905906
39.4511475979 2.84896590509 -4.0399436176
-39.2013268718 -3.97668113801 -3.15544362088e-30
-39.032740902178 -4.4167472797583995 -0.00997963138144
-39.040891398636 -4.44233007344 -0.01995989410144
-38.852576002811 -4.877069630997499 -0.029941840171019998
-38.865853520908 -4.8890105746296 -0.03992448935696
-38.796326480530006 -5.061331225620999 -0.049910452097550004
-38.6033609045 -5.449542718729999 -0.059905247362859994
-38.483074315119 -5.6883142200408 -0.06990311698461
-38.301340673104 -6.013995476668 -0.07991282005320001
-38.09825387749599 -6.352119707370501 -0.08993630811275999
-37.895371346640005 -6.670904395075 -0.0999685305945
-37.632748535255 -7.0505748275449 -0.11003296035709999
-37.433390613423995 -7.3296960378596 -0.12009078296280001
-37.044603149837 -7.8222802770665005 -0.1302021913478
-36.978991213452 -7.9173692836392 -0.14025322025120002
-36.91664675609 -8.0080932578875 -0.1502998088385
-36.812784482564 -8.1442743469408 -0.16035884199840003
-36.629476068716 -8.363182674431199 -0.1704552591092
-36.390475041566 -8.634443917247001 -0.180565231896
-36.220162990711 -8.822110881943901 -0.1907130600801
-35.834838892440004 -9.214509233208002 -0.200940543174
-35.789383947481 -9.273198225206 -0.2110177256271
-35.53037034428 -9.5276194635876 -0.221216898188
-35.317775674213 -9.7318435984826 -0.23141276478800002
-35.141396489163995 -9.898809579731601 -0.2416051349112
-34.852176581250006 -10.1568364284025 -0.2518748553775
-34.589852712437995 -10.385728582458 -0.26211808239240003
-34.441182681758 -10.515117896366 -0.2723506531857
-34.096546253596 -10.796196918387999 -0.2826825757756
-34.08711858628 -10.813733445916 -0.29281985926849996
-33.86430595943 -10.99366267465 -0.30308411136299995
-33.77174900394 -11.071299417189998 -0.3133123047803
-33.53997208366 -11.249405197587999 -0.3236498245056
-33.144025897356 -11.540194815271999 -0.3340849583181
-33.009031006632 -11.64055450191 -0.3443936031820001
-32.575244976505 -11.938636774365 -0.3549713886355
-32.244839932295996 -12.159585592275999 -0.3654769219272
-32.117302019191 -12.248741452447998 -0.37576717829690004
-31.896902530732 -12.392861968982 -0.38619688870299995
-31.611157104417 -12.574685159014 -0.3966728791233
-31.05449510684 -12.90486167118 -0.407595865284
-30.669788296228003 -13.129328788574 -0.41823060318309996
-30.537601932660003 -13.207758295048 -0.42864249785700004
-30.218014050243003 -13.387728166281 -0.43924209214220006
-30.075166626388004 -13.467762455784001 -0.4497244049672
-29.832513691035004 -13.597870165260002 -0.4603745127645
-29.615139729256 -13.718053527072001 -0.47080899124760006
-29.250708762539 -13.904577444272 -0.4816328259355999
-28.70947963782 -14.170113526720002 -0.49275143993279996
-28.357557357444 -14.339099602176 -0.5035836001945
-28.1552580365 -14.43624729575 -0.51418938494
-27.808000715558 -14.596599559141001 -0.5250320120544
-27.359385257939998 -14.7946092553 -0.5361464999228001
-27.176347955772 -14.873143292561 -0.5469127711806
-26.729335671359998 -15.063887823944 -0.5579675544870001
-26.40375050099 -15.198994950265 -0.5688845436615001
-25.92284687384 -15.391035203376001 -0.5801178764696
-25.42831166457 -15.581901881549 -0.5913957926537999
-24.694158807634 -15.849980814798002 -0.6032742884705999
-24.401714972289998 -15.954013719509 -0.6142899894770999
-23.939659478160003 -16.1133679324 -0.6256590229319999
-23.321795799527997 -16.317744194972 -0.6373976208798999
-23.056341294286 -16.400721789496 -0.6485742852842
-22.798027847790003 -16.486372029398 -0.6593609165913
-22.198423793104 -16.666436645016 -0.671319614176
-21.92305465308 -16.747175285105 -0.6824730223869999
-21.525080143494 -16.861412760514 -0.6939013301748
-21.274715112079 -16.930447947248 -0.7050746755869001
-20.950458964676 -17.019274695288 -0.7163683507296
-20.815725667999 -17.055109733478 -0.7272411892544999
-20.54887070655 -17.12570152337 -0.738423341551
-20.367937570113 -17.172726812102 -0.7493971704111
-20.147298099452 -17.227319372411998 -0.7606064669111999
-19.792930843573 -17.315071267318 -0.7721087843844
-19.521291630468 -17.380633430266002 -0.783396244797
-19.203799804324998 -17.4544327995 -0.7949014275974999
-18.948503595096 -17.512697559632002 -0.8062017175816
-18.641214193765002 -17.581304272967003 -0.817668273345
-18.23156478671 -17.669475286578 -0.8295178576776
-17.507721690436 -17.82004370296 -0.8422958316159002
-16.946057269420002 -17.93012266474 -0.854646231248
-16.715047021057998 -17.973012454044998 -0.8659834819866
-16.388585212504 -18.03066975583 -0.8777878824352
-15.455002220534 -18.195077062796997 -0.8913673492819999
-14.785352305808 -18.302321412435997 -0.904298367126
-14.299479453025 -18.3751492482 -0.9166374402334999
-14.008612509157999 -18.415254678116 -0.9283904003868
-13.851182987889 -18.434501563809 -0.9397264699250999
-13.592539438328 -18.469066424468 -0.9512947675792001
-13.513566940332 -18.475817494289 -0.9624188419259
-13.04134688168 -18.53522359827 -0.9749616403229999
-12.193804050026 -18.638184082372998 -0.9888025673617001
-11.722193361943999 -18.68869299858 -1.0013754823224001
-10.88013437214 -18.774141776312 -1.0153711273044002
-10.563531515704 -18.800928522388 -1.0274243129268
11.1185750571 -17.7966963251 -1.18629470233
12.255616359282 -17.536118900793 -1.2156434870191
12.379363798219998 -17.475105833991996 -1.2403241596258001
12.828681772517 -17.344655897186 -1.2666351278502
13.286738023847999 -17.209328471436 -1.2931099312624
13.88585019112 -17.038270146309998 -1.3204063726414998
14.517853035492 -16.853684135448 -1.3480235267238
14.794409373877 -16.751943858742997 -1.3740256148629002
15.04738056168 -16.654096160816003 -1.3997012285127999
15.268476546214 -16.563694047911 -1.4253464144827002
15.49756752632 -16.47010348605 -1.450977802114
15.961123663957002 -16.314554461194 -1.4782143856736
16.162356408408 -16.226516708976 -1.5039564279644
16.358548766339 -16.139080879447 -1.5296718532176001
16.467233611608 -16.075152855324 -1.5549019177928
16.718243189025 -15.971616354185 -1.5810462295224998
16.945442761612 -15.873890744731998 -1.6071197449716
17.266178984133003 -15.747871760778 -1.6337046014888998
17.59672418492 -15.618686869386 -1.6607817357122001
17.948293682096 -15.480640850447001 -1.6879122484717999
18.30383377044 -15.3389925188 -1.7151010252719998
18.722933954517 -15.175343312581 -1.7428728873422
18.943545436686 -15.071791371504002 -1.769242373419
19.499635554770002 -14.858230734483 -1.7981924968064003
20.037362531864 -14.64497274044 -1.8271628308827998
20.36784098255 -14.498583325675 -1.8547223974325
20.938773240571997 -14.262450067187999 -1.8838989235890002
21.427585263884 -14.053298341826 -1.9132018587178998
22.025479643412 -13.794475890788 -1.9430061809916
22.277526809789 -13.663793301146999 -1.9701243730565998
22.66763670135 -13.47825118223 -1.9986845842899998
22.847826212153 -13.373588200075998 -2.0254193560905
23.27666423366 -13.16552866386 -2.0542515345496
23.694280832226998 -12.956669331168 -2.0829476057397
23.74676266408 -12.900862544092 -2.1085293527948
24.22763880744 -12.664212419835 -2.1386027019435
24.782619060899997 -12.386627045400001 -2.1692897078476
25.162338971484 -12.178551388455 -2.1979873584193
25.286478459774003 -12.090539365988 -2.2247840612274
25.539934725663997 -11.939901035834001 -2.2527207507044
25.786436673719997 -11.793375521799998 -2.2809422268480004
25.983984102674 -11.664434775353001 -2.3081926700684
26.21075428303 -11.521829639678 -2.3360005391758003
26.526662811475 -11.3336136616504 -2.3648475084132
26.845947604884003 -11.13761288927 -2.3935056734404
27.327129201165 -10.855199462541501 -2.4241982035825003
27.576427211822 -10.6899344597368 -2.4524311869954
27.639981064994 -10.621595131211599 -2.4785215325802996
28.001613830015998 -10.399377763483198 -2.508737416644
28.48933397814 -10.091696506207501 -2.5397142809242
28.5336939156 -10.03783948158 -2.566130682355
29.008850191838 -9.7293962722953 -2.5972893569956
29.264651282224 -9.545563768984799 -2.626040044408
29.352566112124002 -9.4645463666882 -2.6530670445585
29.522736465274 -9.3275747564886 -2.6807354519878
29.681182267255 -9.207405277627 -2.708999657983
29.912753745779998 -9.0304841243576 -2.7375480629360003
30.140334350080003 -8.8546939351595 -2.7661699050788
30.364835685864 -8.6846238576436 -2.795159435275
30.689528585898003 -8.4358601523221 -2.824910106722
30.851279628300002 -8.299988764986 -2.853062610658
31.092999014077 -8.1072275359444 -2.8822363459778
31.465143167233997 -7.8182440123962 -2.9131055362722003
31.474737892192998 -7.7834248897349 -2.9393283840127005
31.899854360296 -7.4474741058948 -2.9710174360484
32.128613718425 -7.2494632998955 -3.0002001744425
32.25577975255 -7.120915140293599 -3.0278868653624
32.554833360969 -6.8663020079549995 -3.0582312857564
32.6138711306 -6.7949000273147995 -3.0853129975172005
32.762962472405 -6.653220896533199 -3.11368047285
32.86681959887 -6.546516523658999 -3.141448616216
33.325008436358004 -6.1440587299521 -3.1740827486661
33.462404133104 -6.0011174192332 -3.2022893531356003
33.87466436878 -5.6140495588897 -3.2343862156911003
34.224476356078 -5.274052779337199 -3.2658084507208
34.475926778725 -5.0134570063875 -3.2958353298375
34.673607719003996 -4.8013340662704005 -3.3251791080616
34.968247367664006 -4.4866370582343 -3.3559715291120003
35.186586156618 -4.2404248628778 -3.3856887563426
35.373671151319 -4.0265037399197 -3.4150469231245
35.50621308292 -3.868348239102 -3.443625220776
35.649977097847 -3.6920160403833 -3.4723530134399
35.806134361161995 -3.5018144694434 -3.5013233093947997
35.966480353443 -3.303920392519 -3.5303869106527
-38.1315796672 6.04116363138 0.0
-37.89873543637899 6.3331319478418 -0.018328092062700002
-37.634055737418 6.654834521869599 -0.0366162923208
-37.422324382824996 6.8880183713756 -0.0548534655744
-37.212211413136 7.109082896037199 -0.073084867452
-37.01644290394 7.3045729728254996 -0.09125397844000001
-36.6179524529 7.7370162708598 -0.109298862408
-36.366462234379995 7.9773133314728 -0.1273374369442
-36.02035845726 8.311784850168001 -0.1452694291568
-35.638396281526 8.6671692196674 -0.1631064608667
-35.271488533 8.989774291228999 -0.180908093865
-34.802425514263 9.3940175641024 -0.1985127163789
-34.442733303656 9.6787009659212 -0.21620463615719998
-33.903633112748 10.105394825746199 -0.2336114059903
-33.738101064696 10.204642593307 -0.251386838283
-33.637321589805 10.249813415084999 -0.2691905555865
-33.456750931076 10.3585398193296 -0.2869325136736
-33.21496844546 10.5155453318537 -0.3044920002389
-32.931813266992 10.7003993236228 -0.321999972264
-32.623223412378 10.90114336891 -0.3393489285332
-32.08865316542 11.259116498214 -0.35637718867800006
-31.999483207933004 11.2885328365206 -0.37406864678609997
-31.666028590542 11.4908094651398 -0.39126038737720004
-31.379004207378 11.656107599248902 -0.4084865340148
-31.101300939576 11.810626500484 -0.4257419700456
-30.715213552825002 12.032755192949999 -0.4427241870675
-30.415174472664 12.194013251688002 -0.4598253126974
-30.174418279921998 12.315328206654 -0.4769784033246
-29.848736270244 12.488195572192 -0.49380493940120007
-29.715168640753 12.537348339435999 -0.5113012976351999
-29.462936908239996 12.65898574119 -0.52837737543
-29.373756896798998 12.6859727731 -0.5455800407058
-29.0584795861 12.841766778843999 -0.5624389620928001
-28.661331883632002 13.041136105347 -0.5790110717391
-28.418461356966 13.148862083946 -0.5959914056804001
-27.95345074686 13.378098219755 -0.612182231045
-27.587913045856 13.547473017767999 -0.628620143886
-27.427178075301 13.605122996948001 -0.6456883850987
-27.250712561556 13.674772259556 -0.6623693016632
-26.867514634524 13.841974668515 -0.6789350639409001
-26.15476574654 14.16781877444 -0.6943235372000001
-25.813403425002 14.308571647659 -0.7105214219677
-25.625997118456 14.372641511914 -0.7273087395126
-25.331837423128 14.486767106023002 -0.7436268409864
-25.113135355784003 14.563374570148001 -0.7602514919076
-24.777110072785 14.69147394776 -0.7764705911025
-24.625800621902002 14.736212319928 -0.7932278750676001
-24.245108976409 14.882334775394 -0.8090546299825
-23.593071153648 15.135095229808002 -0.824221078248
-23.281802034187 15.245162842933 -0.8400897144108
-23.06621584295 15.311895032099999 -0.856488542325
-22.738717585445002 15.423558443711 -0.8723649298938
-22.243675969355998 15.597243581735999 -0.8876639732168001
-21.890237411538003 15.708821005428 -0.9037458787596001
-21.48018804842 15.843263572480001 -0.9192238702290001
-21.184885210845003 15.93386592707 -0.9350148142775
-20.681774975424002 16.094556605116 -0.9501676559872001
-20.217547625585 16.238990513177 -0.9652620890834999
-19.434002498216 16.483727844278 -0.9792008939082
-19.138799025254 16.563093712897 -0.994882142328
-18.64347026814 16.70243721248 -1.009897056654
-18.025957603352 16.876222267323 -1.0242445002182
-17.704149621916 16.957253760848 -1.0396782851814
-17.530921387887 16.991519749629 -1.0558443645099
-16.8656969868 17.167634583116 -1.0698764401408
-16.60469661718 17.22699818311 -1.0853978386225
-16.221188202557997 17.318252380128 -1.100441804451
-15.930414847684002 17.381466588073 -1.1159518543688
-15.561853637508001 17.462218817771998 -1.1312616691560002
-15.466946036661 17.474871911888 -1.1473110076953
-15.17564565 17.53447395089 -1.162829691268
-15.00031718474 17.564948663416 -1.1787124857756999
-14.754174450336 17.61364973848 -1.1941980288768
-14.439698284376 17.680206121362 -1.2091976668146
-14.15088115985 17.736166704478002 -1.2245710486582
-13.798777296675002 17.806519890525 -1.2395924348924998
-13.60828185028 17.841589056456 -1.2549638214588001
-13.258557080421 17.907670087923 -1.2700719320828
-12.800391870066 17.997147545548 -1.2845734676346001
-12.107031918130001 18.137706216777 -1.2976251351380002
-11.548096126739999 18.242739099399998 -1.311404449296
-11.334331912741 18.274886691843 -1.326782126898
-10.972558921278 18.335741295501997 -1.3414479420653997
-10.056302166885999 18.499043845217003 -1.3534523656889
9.22286709655 19.5797848044 -1.53605116698
9.7436730984422 19.595104120332 -1.5544017788983
10.55580403701 19.584871718511998 -1.5719194240146002
10.979897037716999 19.598087639181 -1.5911187195644998
11.130997664524 19.632197787396 -1.6113269321472
11.851266991109998 19.613869086115002 -1.6300522618974997
12.137663409352001 19.63227322849 -1.6501933255069998
12.591087496241 19.631688890779998 -1.6701047516918
13.434895481668 19.58307856268 -1.689333614686
13.981352914763 19.561877668860003 -1.7094904247164
14.644899131539999 19.520473388790002 -1.729591437759
15.061468205200999 19.506371981417 -1.7507376596324
15.208334803684 19.530208599696 -1.7719884401980002
15.373837646755998 19.551050882187997 -1.7932110310495
15.737299963382 19.539858472444003 -1.8147503003714
16.103866841625 19.526667556459998 -1.8361891977454998
16.394097918367997 19.523422050792 -1.8578796968644
17.626534191165 19.352040187394998 -1.879644523435
17.986504909140002 19.327620236268 -1.901780887552
18.451173231614 19.280092158676002 -1.9240983120662
18.8835923719 19.23573506508 -1.9464492274760001
19.511971741912003 19.144513697522 -1.9694171139295
20.244058639760002 19.022078108008 -1.9927597511545998
20.373176869817 19.032523702953 -2.0157257660159003
20.778859371228 18.97758296246 -2.0389346186684
21.0581598191 18.9499499258 -2.0621949785775
21.280261196044002 18.939257945882 -2.0845417319886
21.704160602937 18.869267527393 -2.1086896997378
21.997479398712002 18.833933599836 -2.1319250032012
22.237888622234 18.807714848449997 -2.1557814705852
22.406625178169996 18.80140226093 -2.179213082573
22.625275834841 18.782015429024998 -2.2025314155131
22.893627638707997 18.744417197767998 -2.2266097615236
23.260365297474 18.678664877147 -2.2506394486942
23.647563158581995 18.601084106014 -2.2753033497834
24.0202579282 18.524701571635 -2.299976942274
24.223120841424 18.498346324028 -2.324215595782
24.756101327716998 18.365915792552002 -2.349421461547
25.097347473076 18.29055203627 -2.3741655971332
25.731960072711 18.103709385899 -2.4011517493449
26.207676255640003 17.96717967652 -2.427203309578
26.617962626809003 17.855310614392998 -2.4522298578929
27.232599844232002 17.650726558864 -2.4794274869006
27.781107523675004 17.464582087361002 -2.5061379775648
28.348261927412004 17.25422274962 -2.5338725634120003
28.72458025083 17.127736237965003 -2.5596157307095
29.114357638708004 16.984135313856 -2.5861846563814
29.36057355482 16.905157479746002 -2.6116834014974
29.642939756068 16.804858795472 -2.637637443374
30.164888780042 16.580184205547 -2.6654655177077
30.454721570449998 16.465008342399997 -2.691787500305
30.711978153692996 16.363936644752 -2.7178837041888997
31.466724878656002 15.985131892152 -2.7477754698308
31.556819893537998 15.966790530796 -2.772816768995
32.042744318412 15.715184790144 -2.8010976165964
32.25335973026 15.621802081485 -2.8271435611225
32.568498883212 15.457111833436002 -2.8543436982224
32.802996733548 15.334841201785 -2.8811458110226997
33.107946992204 15.16729996534 -2.908294644532
33.388621519265996 15.01469387679 -2.9350357143514003
33.78356873126 14.76313721544 -2.963585305878
34.276732081025 14.434931782059 -2.9926480844197
34.55213747545 14.249925463958 -3.0201539655126
34.680332735758995 14.176135326337999 -3.0462664858123
34.87913574462 14.042698786596 -3.0731255919667997
35.36001051028 13.673757119365 -3.1024878937375
35.527999521766006 13.549863813955998 -3.1292646192954
35.964744501281 13.17467283607 -3.1587739111000004
36.247700266836 12.929579945864 -3.1866660140231997
36.353955150111 12.846509848677 -3.2129301496997997
36.57812756033 12.63669197406 -3.2405477257300004
36.680008671452995 12.553393145614 -3.266772964604
36.953086779955996 12.275029865744 -3.2949930890212
37.059852922599 12.183573831264999 -3.3212007870532
37.315415713398004 11.896330876659999 -3.3494795973676
37.5147200714 11.6821103245 -3.3767631102275004
37.7505256436 11.395654774859999 -3.4047727621660004
37.878269280324 11.240723240092999 -3.4315994205935
38.159907319674005 10.85812289008 -3.4601931507656
38.213320857801 10.80311541146 -3.4861003475261003
38.42463779006 10.50452883194 -3.5138067017540004
38.633930066541 10.136383235023 -3.5421750206976004
38.859336156248 9.7249331751228 -3.570476968849
38.897776043530996 9.6910574307567 -3.5961776319587995
39.009073260024 9.464221283631199 -3.6232084993628
39.075828299685 9.3328442320195 -3.6495904457129997
39.174813477074004 9.0935147101622 -3.6766149952018004
39.292289486617996 8.825363143849401 -3.7036191185587004
39.42139142392 8.484829541887201 -3.7308848395304
39.532464206567 8.158829740627901 -3.7579332155739
39.67413725891 7.647600367885 -3.785476989894
39.74727433368301 7.32820285381 -3.8121393560732004
39.778538325552006 7.1216210081404 -3.8383880407680007
39.809777555865 6.9321366509265 -3.8645512785571
39.86561142016 6.4390638744942 -3.8911501088706
39.867154328095 6.262948375516 -3.9170804191889994
39.866395591932005 6.0680429843632 -3.9429791753012
39.857808358759996 5.8840664915778005 -3.9687991240947
39.838335963343994 5.8793815347962 -3.9944991511951997
39.825048873784006 5.508615576605499 -4.0202526242353
