-28.4922825899 11.1907053567 -1.75987792268
35.5069369039 12.2087342699 -1.46583011853
-30.1346541034 9.96784960373 -1.77518927428
37.1874418621 11.0387351666 -1.46587433816
-24.7984533478 13.3989196633 -1.72895895618
31.7446158981 14.2983443717 -1.46916882931
-31.3010651563 8.9671290075 -1.78692152919
38.3851493427 10.0756203574 -1.46674452522
-19.1797671687 15.8374522924 -1.68790031322
26.0510745836 16.5569345772 -1.4800848148
-22.9775024594 14.2889140795 -1.71500542708
29.896228602 15.1299710079 -1.47207426887
-28.9356526382 10.8786874912 -1.763893879
35.9600245724 11.9109762639 -1.46572725238
-22.2375338947 14.6208927408 -1.70952782492
29.1460567091 15.4382461603 -1.47344319598
-33.7148508883 6.32876018549 -1.81488259237
40.881782389 7.51536105504 -1.47214440922
-17.8721339645 16.290222114 -1.67908934462
24.7296768103 16.9678846772 -1.48335306829
-5.16819581493 19.1022321866 -1.60378502257
11.942574074 19.3744114196 -1.52516868392
-35.0955552169 4.10782746489 -1.83549506597
42.3325561991 5.33946836203 -1.47974750652
-22.7051318827 14.4129786723 -1.71297708465
29.6200428024 15.2453097716 -1.47256629777
-34.938391033 4.41296428102 -1.83280920627
42.1657485889 5.6394517926 -1.47855015239
-22.9056314179 14.321866861 -1.71446880492
29.8233439597 15.1606211758 -1.47220273437
-4.22214813562 19.2150686718 -1.59880382743
10.9934104173 19.4571009757 -1.52889513765
-24.850016155 13.3720728694 -1.72936474648
31.7970080342 14.2731511783 -1.46909699312
-24.6564075996 13.4723814189 -1.72784429979
31.6003013128 14.3672510233 -1.46936987064
-18.652411822 16.0245389753 -1.68431780861
25.5180250787 16.7271535107 -1.48137439646
-26.7229699463 12.3264539365 -1.74456165996
33.7023308004 13.2876328967 -1.4669344148
-28.5373873434 11.1595160963 -1.76028288525
35.5530126312 12.1789954079 -1.46581614755
-19.2349316501 15.8175214646 -1.68827740329
26.1068461934 16.5387683983 -1.47995220313
-13.1005746723 17.655508176 -1.64879955326
19.9170316625 18.1807157982 -1.49709841194
-30.4677818469 9.69494340179 -1.77845630626
37.5290968234 10.7765626628 -1.46604104525
-21.7653320071 14.8245637082 -1.70608542032
28.6676042548 15.6267951682 -1.47436862311
-18.7357446255 15.9953862519 -1.68488125143
25.6022445858 16.7006660244 -1.48116801131
-33.8171873028 6.19060571699 -1.81623868118
40.9884691808 7.38053149689 -1.47254012983
-15.3920045108 17.0525285807 -1.66300376935
22.2265138017 17.6509224301 -1.49016349422
-30.7549207208 9.45180981078 -1.7813235972
37.8238375304 10.5426849696 -1.46623485963
-31.8887771062 8.40852653848 -1.79318582036
38.9903630906 9.53599363311 -1.46752785609
-28.8920126548 10.9099469518 -1.76349503969
35.9154106359 11.9408318785 -1.46573390038
-17.6521736299 16.3627895193 -1.67763055096
24.5075156293 17.0334193016 -1.48392562535
-32.7698797314 7.48243745549 -1.80315238771
39.9005286478 8.63839806637 -1.46926434689
-34.3261684154 5.45250024144 -1.82331413119
41.5207118039 6.65898865876 -1.47483162223
-27.9419361903 11.5617314243 -1.75499860514
34.9450468295 12.5620681078 -1.46606103038
-31.1431585328 9.11043807581 -1.78528240857
38.2227562591 10.2138344517 -1.46657703857
-20.4539631859 15.3589686228 -1.69672795712
27.3398714817 16.1192201688 -1.47713665199
2.57377180932 19.6843184449 -1.56523618472
4.18598261288 19.7099637141 -1.55782879678
-20.917736039 15.1750433724 -1.70000437739
27.8092699828 15.9501387779 -1.47612556704
-35.0171802874 4.26243818243 -1.83413981435
42.2492943739 5.49150794056 -1.47913490353
-21.6403431278 14.877446845 -1.70518090332
28.540993624 15.6756761378 -1.47462009339
-29.4395629581 10.5085462568 -1.76855889499
36.4754739092 11.5570498773 -1.46570876642
-21.7804591535 14.8181345594 -1.7061950791
28.6829285965 15.620850408 -1.47433837091
-5.75012689963 19.0268408482 -1.60688787244
12.5266125174 19.3175670369 -1.52291442502
-24.5953720337 13.5037256142 -1.72736678125
31.538297911 14.3966380506 -1.46945766115
-20.1985394641 15.4579863783 -1.69493825351
27.0814220567 16.2100637977 -1.47770796577
-12.546633096 17.7877756715 -1.64545335365
19.3591561998 18.295297736 -1.49886051461
-34.824927504 4.62192212099 -1.83094371044
42.0456841957 5.84469492826 -1.47775761296
-29.5632697733 10.4149801804 -1.7697216387
36.6020994746 11.4674658119 -1.46572134475
-33.4306272979 6.69740303439 -1.81121398603
40.5859561751 7.87477711216 -1.47114087243
-26.9618614429 12.1823175455 -1.74656987919
33.9456940709 13.151167682 -1.46672688897
-30.2905334996 9.84133129257 -1.77671033749
37.347273714 10.9172388413 -1.46594484931
-26.9141082536 12.2113423594 -1.74616706635
33.8970402197 13.1786589592 -1.46676702337
-15.4670500782 17.0311965485 -1.66347924424
22.3022010693 17.6319880894 -1.48994641911
-34.998047885 4.29942550398 -1.83381387966
42.2289930799 5.52786799442 -1.47899014905
-26.576273401 12.4136660593 -1.74333689141
33.5529296243 13.3701350239 -1.46707008292
-33.2605423003 6.90840215177 -1.80908093865
40.4092339683 8.08025960349 -1.47060124912
-17.5288004544 16.4030529498 -1.67681517783
24.3829220063 17.0697383501 -1.48424954882
-13.6675806949 17.5148032915 -1.65225917852
20.4882338043 18.0581162723 -1.49532847949
-10.9453456684 18.1421875137 -1.63596171408
17.7473871929 18.5985998244 -1.50413143302
-24.5159777401 13.5443004606 -1.72674691132
31.4576509553 14.4346671376 -1.46957310922
-24.2368729927 13.6851935852 -1.72457912589
31.1741981625 14.566611718 -1.46999002421
-16.0076939324 16.8744158027 -1.66692478176
22.847566657 17.4924823826 -1.48840222873
-2.51428833876 19.3887842164 -1.5900060441
9.28088088958 19.5764087438 -1.53581251426
-25.6184589079 12.9601943076 -1.73548869309
32.5781856677 13.8859222664 -1.46810112677
-29.1700740967 10.7086367079 -1.76605017603
36.1997458243 11.7484676192 -1.4657050756
-22.7036046788 14.413668092 -1.71296575193
29.6184944044 15.2459502681 -1.47256909607
-25.3042375793 13.131333319 -1.73296692672
32.2586703176 14.0469804945 -1.46849109715
-21.8976655863 14.7681086634 -1.70704610234
28.8016696805 15.5745777046 -1.4741053208
-14.0844967268 17.4078421819 -1.65482574143
20.9083467966 17.9644696961 -1.49404926821
-33.1935346446 6.9897194805 -1.80825233001
40.3396691257 8.15940448773 -1.47040013006
-14.7658025931 17.2265170688 -1.65906230363
21.5950851978 17.8049059206 -1.49200027856
-19.833543772 15.5967419145 -1.69239857347
26.7121899682 16.3371400492 -1.47854173417
-32.7967192362 7.45224770567 -1.80346882926
39.9283165353 8.60907726878 -1.46932979999
-29.9962806546 10.078478742 -1.7738499384
37.0456133881 11.1449071621 -1.46582240485
-34.6291567176 4.96343882557 -1.82784839242
41.8391303178 6.17981189634 -1.47651079693
-16.7108404478 16.6621898335 -1.67145994823
23.557119283 17.3027280713 -1.48644667415
-30.6568904217 9.53567371941 -1.78033913111
37.7231846229 10.6233884452 -1.46616325406
-32.2124777366 8.08193387731 -1.7967588746
39.324306419 9.21986204583 -1.46807933032
-24.3006293221 13.6532461181 -1.72507277883
31.2389401716 14.5367082606 -1.46989328473
-32.1102555656 8.18665021115 -1.79562027345
39.2187993084 9.32127405165 -1.46789515236
-34.4463706134 5.2636267232 -1.8250795688
41.6468714699 6.47403399301 -1.4754651372
-33.7328494645 6.30468183596 -1.81511967047
40.9005390913 7.49186736788 -1.47221261324
-34.7159780262 4.81474402256 -1.82920319217
41.9306457322 6.03395387699 -1.47704621916
-28.2162113203 11.3789867703 -1.75741626682
35.2250060385 12.3881396017 -1.46593223303
-17.3965573882 16.4458640361 -1.67594343573
24.2493818082 17.1083216497 -1.484598962
-31.5383226405 8.74659315271 -1.78941815307
38.6293138737 9.86274243243 -1.46702923016
-14.8490680002 17.2037912157 -1.65958374085
21.6790325524 17.7848399035 -1.49175344788
-28.8495720596 10.9402300201 -1.76310792288
35.8720265921 11.9697497433 -1.46574110942
-29.2280005736 10.6660503758 -1.76658667898
36.2589999401 11.7077452666 -1.46570318612
-34.7333667676 4.78444906643 -1.82947786983
41.948990999 6.004227338 -1.47715671502
-34.0285995476 5.89501530875 -1.81910624206
41.2091931621 7.09181503455 -1.47342221793
-31.9531425298 8.34473150958 -1.79388886253
39.0567286977 9.47427812909 -1.46763024761
-0.882542212522 19.5193896036 -1.58182984754
7.64580014431 19.6550490565 -1.54264592681
-13.9139228298 17.4519660597 -1.65377332421
20.7364533646 18.0031459818 -1.49457033527
-34.8321327419 4.60890950876 -1.83106050828
42.0533004242 5.83191807955 -1.47780631279
-34.6243558533 4.97154030192 -1.82777426098
41.8340737359 6.18775657132 -1.47648195605
-28.816197896 10.9639631923 -1.76280402766
35.8379130948 11.9924093962 -1.46574728983
-26.4704572484 12.4759747653 -1.7424573246
33.4451816594 13.4290465877 -1.46717174776
-0.102562325808 19.5697901638 -1.57799965505
6.86460960672 19.6806162415 -1.54598861454
-25.1696623784 13.2034644275 -1.73189445742
32.1218648937 14.1147947797 -1.4686655005
-24.9013871791 13.3452296992 -1.72976965191
31.8492083691 14.2479555069 -1.46902603445
-34.2101632692 5.62901979522 -1.8216477068
41.3991407174 6.83172911217 -1.47425675443
-19.1844289907 15.835770655 -1.6879321629
26.0557876275 16.5554020649 -1.48007359116
-35.0222724118 4.25254541541 -1.83422687733
42.2546991471 5.4817821466 -1.47917373795
-28.9023089835 10.9025827138 -1.76358906929
35.9259364048 11.9337988555 -1.46573226175
-34.4708494601 5.22436845122 -1.82544425198
41.6725888614 6.43557418736 -1.47559919111
-27.6892101152 11.7264751943 -1.75279453228
34.6871993452 12.7186902374 -1.46620281478
-29.4307048651 10.5152039668 -1.76847590953
36.4664081602 11.5634224745 -1.46570813301
-34.1713833341 5.68684965147 -1.82109828467
41.3585377086 6.88829623221 -1.47407206144
-22.5155924643 14.4980189139 -1.71157398735
29.4278896752 15.3242784697 -1.47291690709
-32.9685376289 7.25580248908 -1.80551522402
40.1063075032 8.41819643323 -1.46976897712
-33.5154044937 6.58963935968 -1.81229400963
40.6741242554 7.76976445993 -1.47142628979
-29.1645425431 10.7126914866 -1.76599902117
36.1940878703 11.7523444076 -1.46570533153
-4.33779705687 19.2019161955 -1.59940858982
11.1094198193 19.4476334641 -1.52843553361
-25.9952384948 12.7497976001 -1.73854616632
32.9614785013 13.6876159517 -1.467666407
-22.0157211303 14.7173376153 -1.7079057744
28.9212831891 15.5275872333 -1.4738730098
-32.7798162332 7.47127587033 -1.80326944157
39.9108157734 8.62755817634 -1.46928848222
-29.6061645776 10.3822770703 -1.77012649876
36.6460146112 11.4361435785 -1.46572735195
-32.1043578607 8.19264621319 -1.79555487781
39.2127135321 9.3270794337 -1.46788481546
-9.74119996718 18.3823635778 -1.6289950285
16.5361987008 18.8003554192 -1.50826212834
-22.0300930856 14.7111303964 -1.7080106013
28.9358456509 15.5218402712 -1.47384489599
-0.787183472935 19.5259667739 -1.58135888125
7.55028015959 19.6585899388 -1.54305196293
-7.62275106098 18.7526422812 -1.61707768564
14.4070247555 19.1030676287 -1.51586071368
-34.6678520755 4.89768492929 -1.82844885248
41.8799012893 6.11532206268 -1.47674614472
-30.6156917313 9.57065035777 -1.77992713631
37.6808922953 10.6570370006 -1.46613486317
-16.8786608237 16.6101140356 -1.67255159716
23.7265139748 17.2560163184 -1.48598897059
-33.7893524653 6.22848633904 -1.81586786446
40.9594413978 7.41750761116 -1.47243057143
-11.9365222859 17.9276393952 -1.64180558848
18.7448979222 18.4156855482 -1.50083817806
-24.8064346182 13.3947704275 -1.72902172645
31.7527253371 14.2944510891 -1.46915766996
-28.2393805031 11.3633554373 -1.75762175654
35.2486615651 12.3732531044 -1.46592258415
-18.9362353808 15.9246190884 -1.6862409192
25.8048886919 16.6363114852 -1.48067545461
-9.18110681665 18.4866370639 -1.62580284862
15.9730668021 18.8867618816 -1.51023066545
-32.0594665097 8.23812551451 -1.79505814798
39.1663957517 9.37110788088 -1.46780715081
-22.7799185141 14.379133655 -1.71353259126
29.6958699875 15.2138605526 -1.47242980123
-0.456812940116 19.5478578199 -1.57973302887
7.21937952984 19.6699622133 -1.54446435594
-13.9587661704 17.4404148798 -1.65404968441
20.7816420503 17.993026932 -1.49443303856
-16.0718572841 16.855443765 -1.66733606735
22.9123020243 17.4755607234 -1.48822128232
-32.286333628 8.00532623314 -1.79758768059
39.4005659534 9.1456422721 -1.46821842304
-34.8957944434 4.49244623399 -1.83210214538
42.120640923 5.71753864312 -1.47824605334
-16.729677068 16.6563723752 -1.67158229834
23.576131727 17.2975126742 -1.48639512474
-26.3230981657 12.5619228143 -1.74123778274
33.295158561 13.5102642094 -1.46731854409
-29.3059405335 10.608388198 -1.76731089389
36.3387377817 11.6525912532 -1.46570294202
-27.0277396787 12.1420992657 -1.74712673027
34.0128204579 13.1130650929 -1.46667264325
-9.45657684231 18.435934422 -1.62736907809
16.2500128244 18.8448464642 -1.50925879013
-30.8106542047 9.40372284587 -1.78188594339
37.8810750407 10.4963950225 -1.46627815461
-33.8445790069 6.15310115239 -1.81660506747
41.017042072 7.34391715527 -1.47264938382
-26.9039352353 12.2175117648 -1.74608134365
33.8866757716 13.1845016772 -1.46677566115
1.32971409234 19.6422864174 -1.57109640452
5.43074909381 19.7075211537 -1.55225398197
-30.3887586038 9.76054655673 -1.77767569826
37.4480232109 10.8396191737 -1.46599601074
-31.7842892153 8.51093306874 -1.79205203104
38.8826650097 9.63502494323 -1.46736896645
-14.6773181773 17.250531254 -1.65850906632
21.5058804276 17.8260936225 -1.49226344362
0.123826544378 19.5829730109 -1.5768973253
6.63791541861 19.6865919436 -1.5469679989
-32.0182519026 8.2796330287 -1.79460370391
39.1238794112 9.41128349561 -1.46773741302
0.183671886329 19.586349435 -1.57660663072
6.57799282168 19.6880632316 -1.54722758446
-16.2850273613 16.7918488719 -1.66870614253
23.1273904834 17.4187780942 -1.48762370097
2.30014111364 19.6767378427 -1.56651434133
4.45971616735 19.711089978 -1.55659205935
-20.2846027031 15.4248011846 -1.69554012567
27.1684991087 16.1796327286 -1.47751433569
-30.220816722 9.89816849743 -1.77602840876
37.275781174 10.9718298443 -1.46591171427
41.7893432644 6.25753192062 -1.47623009485
-34.5818714236 5.04270296957 -1.8271216863
32.7337090788 13.8061410177 -1.4679203063
-25.771361285 12.8755069621 -1.73672495124
14.9003580855 19.0386841721 -1.51406276172
-8.1137827776 18.6726006324 -1.61980245103
17.8158311305 18.5865389057 -1.50390228964
-11.0133705966 18.127955799 -1.63635958412
22.63848814 17.5466072406 -1.48899006325
-15.8004460621 16.9351631212 -1.66559978264
28.422059649 15.7212139832 -1.47485877822
-21.5229204856 14.9267443905 -1.70433363515
34.4249877588 12.8745892915 -1.46636889175
-27.4320991094 11.8906350587 -1.75057455408
37.3504187793 10.9148280544 -1.46594636696
-30.2936001519 9.83882169656 -1.77674039521
32.5146140031 13.918269707 -1.46817675124
-25.5559502067 12.9945472954 -1.73498503464
21.7140493398 17.7764332914 -1.49165072486
-14.8837991646 17.1942751302 -1.65980147849
21.8256201538 17.7495042362 -1.49132436108
-14.9944553411 17.1638111334 -1.66049614839
19.9995535695 18.1633365251 -1.49684054959
-13.1825009666 17.6355130425 -1.64929725689
38.2987106431 10.1495145836 -1.46665326297
-31.2170248857 9.0437350249 -1.78604699228
3.8631359983 19.7074309922 -1.55929524374
2.89653548761 19.6920553786 -1.56373634099
20.0355511921 18.1557203487 -1.49672829229
-13.2182376561 17.6267557959 -1.64951458669
34.2484990842 12.9776685541 -1.46649269727
-27.2589844793 11.9992754246 -1.7490920887
10.5585671091 19.4910153266 -1.53062810031
-3.78860590566 19.262796341 -1.59654694673
20.5753616704 18.0389389453 -1.4950615975
-13.7540533192 17.4928645196 -1.65278991319
28.0637782434 15.8562061401 -1.47559199842
-21.1691221637 15.0730635254 -1.70179516732
27.1732954588 16.1779513546 -1.47750370383
-20.2893430457 15.4229681115 -1.69557331065
18.6870761561 18.4267106358 -1.50102633505
-11.8790811387 17.940497958 -1.6414641639
15.0023355798 19.0249476386 -1.51369388066
-8.21527087246 18.6556275929 -1.62036840339
34.7033084314 12.709002881 -1.46619332313
-27.7050023517 11.7162803868 -1.75293161294
31.2935958292 14.5113565981 -1.46981231058
-24.3544494538 13.6261689426 -1.72549020245
37.8524999693 10.5195410057 -1.46625630437
-30.7828311565 9.42776594808 -1.781604969
37.8663215078 10.5083545523 -1.46626681425
-30.7962892365 9.41614556066 -1.78174081654
18.3116738386 18.4970184852 -1.50225617683
-11.5061094379 18.0227101148 -1.63925556162
14.5260635891 19.0878450571 -1.51542484708
-7.74124449512 18.7336413086 -1.61773317362
28.1311215676 15.8310809124 -1.4754525704
-21.2356307463 15.0458091293 -1.70227072899
19.599169517 18.2466194084 -1.49809839987
-12.7849736386 17.731488219 -1.64688906107
22.1891961207 17.6602201264 -1.49027076924
-15.3550020132 17.0630084803 -1.66276957637
31.9436504115 14.2021290163 -1.46889922409
-24.9943211053 13.2964226386 -1.73050375036
30.764570385 14.7526823833 -1.47062241817
-23.8333819252 13.8841984472 -1.72147560224
41.0901324861 7.24925021197 -1.47293538844
-33.9146158417 6.05615749886 -1.81754867782
10.2095499969 19.5164464629 -1.53203063488
-3.44057605416 19.2993153307 -1.5947468621
15.1963890686 18.9984011233 -1.51299457726
-8.40838010544 18.6229225206 -1.62144793963
33.2484312571 13.5353711607 -1.46736549722
-26.2771945714 12.5885032356 -1.74085913831
4.99944021417 19.7105639155 -1.55417139098
1.76070739858 19.6590457302 -1.56905192046
41.9858508168 5.94398724194 -1.47738205328
-34.7682883709 4.72306715078 -1.83003301162
8.44692693208 19.6207859539 -1.53927012507
-1.68217115172 19.4596634465 -1.58580880278
40.6474132824 7.80176051679 -1.47133864059
-33.4897266038 6.62246876072 -1.81196565702
41.5704014324 6.5868610719 -1.47507647347
-34.3735345351 5.3788287989 -1.8240049102
32.0094321009 14.1700240283 -1.46881210042
-25.0590464368 13.262241689 -1.73101624811
33.521145619 13.3875639603 -1.46709974206
-26.5450608736 12.432097075 -1.74307710964
21.3804843294 17.8556431783 -1.49263489739
-14.5529272257 17.2840541464 -1.65773286026
15.2752275584 18.9874630733 -1.51271146233
-8.48683009704 18.6094824992 -1.62188749497
39.3027172468 9.24073226667 -1.46804087111
-32.1915645302 8.10348017905 -1.79652513596
23.6317677813 17.2822111138 -1.48624453384
-16.7847973429 16.6393090254 -1.67194058327
30.6846120002 14.7883832403 -1.47074988114
-23.7546016653 13.9224243433 -1.7208737321
24.2675509545 17.103092913 -1.48455128668
-17.4145507131 16.4400600667 -1.67606191079
38.7288072159 9.77417172995 -1.46715709286
-31.6349432753 8.65490288564 -1.79044707183
35.9079003676 11.9458459586 -1.46573509598
-28.8846659653 10.91519736 -1.76342797421
12.0980323945 19.3597270549 -1.52456575283
-5.32310742593 19.0826107998 -1.60460810258
13.4678332571 19.2162634015 -1.51934442929
-6.68764255628 18.8956523488 -1.6119498306
23.3248904245 17.3658761419 -1.48707993449
-16.480741492 16.7326921043 -1.66996901893
21.1702150649 17.9045823336 -1.49326172913
-14.3443239707 17.3396562633 -1.65643516002
22.8904297032 17.4812867681 -1.4882823629
-16.050178508 16.8618625725 -1.6671970501
11.0350188085 19.453725697 -1.52873016203
-4.26362788466 19.2103717187 -1.59902060467
13.3743510007 19.2268647022 -1.51969549939
-6.59454549011 18.9092215473 -1.61144365212
39.7725623911 8.77182140009 -1.46897332426
-32.646229829 7.61986322123 -1.80170530131
7.4463406845 19.662311496 -1.54349464144
-0.683415267701 19.5329923155 -1.58084723581
14.2072529547 19.1281693384 -1.51659507505
-7.42388037615 18.7840851554 -1.61598046299
7.69140796459 19.6533175654 -1.54245232214
-0.92807174224 19.5162084002 -1.58205497825
22.4838359101 17.5861274434 -1.48942821825
-15.6471315192 16.9795821193 -1.66462296799
38.5778618593 9.90812382264 -1.46696584606
-31.488342769 8.79358800936 -1.7888887348
39.0728831107 9.45917441225 -1.46765569825
-31.9688074795 8.32912164546 -1.79406050892
6.65857594999 19.68607417 -1.54687856527
0.103192983859 19.5817983765 -1.57699761956
12.2311827567 19.3468928345 -1.52405100899
-5.45578134006 19.0655481403 -1.60531470246
14.5728973269 19.0818015921 -1.51525371609
-7.78786192129 18.7261113257 -1.61799140895
21.7714072609 17.7626165991 -1.49148276542
-14.9406877484 17.1786411307 -1.66015843067
12.5406447363 19.3161449177 -1.52286062951
-5.76410669066 19.0249731449 -1.60696277959
5.56177069093 19.706135059 -1.55167451413
1.19880307336 19.6367337879 -1.57172039996
25.1639591958 16.8368695373 -1.48225269597
-18.3020214702 16.1454607138 -1.68195944664
31.1478778583 14.5787296144 -1.4700296065
-24.2109521624 13.6981424759 -1.72437868352
29.2828819859 15.3831899253 -1.47318591857
-22.3725354696 14.5615125844 -1.71051947038
27.6584747932 16.0050393513 -1.47644659808
-20.768766672 15.2347122694 -1.6989481243
10.5442082443 19.4920929537 -1.53068559824
-3.7742886571 19.2643301161 -1.59647269074
4.7012371189 19.7113052842 -1.55550591058
2.05873572071 19.6692712899 -1.56764702323
11.545405804 19.4104647096 -1.5267185561
-4.77237768352 19.1508994286 -1.60169147672
13.5629110124 19.2053582472 -1.51898816492
-6.78232463043 18.8817287047 -1.61246542782
7.25912599389 19.6686694797 -1.54429422956
-0.496498065396 19.5453015763 -1.57992785514
23.2090955708 17.3969816924 -1.48739816926
-16.3659964995 16.7674648282 -1.66922802616
42.0372508748 5.85880564134 -1.47770392775
-34.8169480911 4.63629390972 -1.83081461604
31.2683402083 14.5230834566 -1.4698496484
-24.3295803068 13.6386931305 -1.72529723936
11.1241730046 19.4464167552 -1.52837716712
-4.35250399422 19.2002308674 -1.59948557943
15.3762511224 18.9733175149 -1.51234951979
-8.58735171164 18.5921309826 -1.62245156242
13.7182177371 19.1872777842 -1.51840795143
-6.9369765068 18.8587177624 -1.61330933553
31.1517843065 14.5769325056 -1.47002372247
-24.2147993663 13.6962220306 -1.72440842406
40.0323759074 8.4981381026 -1.4695823004
-32.8971908226 7.33805508685 -1.80466105799
7.30477305745 19.66716017 -1.54409900694
-0.54207389824 19.5423411934 -1.58015176094
9.22286709655 19.5797848044 -1.53605116698
-2.45641152819 19.3940037368 -1.58971223131
26.555114648 16.3902505595 -1.47890258681
-19.6782404179 15.6548213998 -1.69132418575
7.79014160331 19.6494787068 -1.54203378594
-1.02663301201 19.5092311921 -1.58254292396
15.6630819777 18.9323586305 -1.51132704158
-8.8727320397 18.5420699946 -1.6240581388
35.417270353 12.2662674003 -1.4658595181
-28.4044947631 11.2510612354 -1.75909199872
30.1831200743 15.0078195594 -1.47157836359
-23.2603561984 14.1576997534 -1.71712724635
36.6081138953 11.4631838395 -1.46572211698
-29.5691447017 10.4105090854 -1.76977703717
10.9624679409 19.4595962679 -1.52901791916
-4.19130085462 19.2185468473 -1.59864271263
14.9363249572 19.0338561718 -1.51393255052
-8.14957757608 18.6666311267 -1.62000195262
28.0918020208 15.8457645495 -1.47553388799
-21.1967990187 15.0617359107 -1.7019929764
20.2783894396 18.1037839133 -1.49597463117
-13.4592978785 17.5671220379 -1.65098422272
38.9016914642 9.61762891233 -1.46739639224
-31.8027517068 8.49294070509 -1.79225170177
32.2510020447 14.0507995982 -1.4685007564
-25.2966948878 13.1353943819 -1.73290669839
13.1191065182 19.2552020179 -1.52065801188
-6.34033334255 18.9456627365 -1.61006543914
34.7028800287 12.7092606715 -1.46619357447
-27.7045823806 11.7165516724 -1.75292796638
17.8092440658 18.5877027597 -1.5039243223
-11.0068239565 18.1293285695 -1.63632127328
36.9050283299 11.2486732348 -1.46578049858
-29.8590733275 10.1866636292 -1.7725317003
33.8233526633 13.2200955071 -1.46682910399
-26.8417784095 12.2551015909 -1.74555826228
8.81990904922 19.6020406824 -1.53771657214
-2.05436690396 19.4290647084 -1.58767900904
33.7408941071 13.2661815153 -1.46690040853
-26.760830165 12.3037868941 -1.74487878562
7.04741243299 19.6753251375 -1.54520191878
-0.285103895785 19.5586875646 -1.57889155347
39.3178207564 9.22613822877 -1.46806773449
-32.2061953499 8.08841316027 -1.79668861529
29.626215413 15.24275579 -1.47255514687
-22.7112199828 14.4102296608 -1.71302226623
23.5916100315 17.2932616368 -1.48635319076
-16.7450120691 16.6516311938 -1.67168193772
29.3268981208 15.3653692502 -1.47310386276
-22.4159614441 14.5423009768 -1.71083917197
38.6878744585 9.81074238628 -1.46710363465
-31.5951965778 8.69275690165 -1.79002292759
35.1450069689 12.4382614371 -1.46596630337
-28.137849916 11.4316276293 -1.75672274157
7.03440105756 19.6757156954 -1.54525782297
-0.27211156041 19.5594917608 -1.57882798223
28.5699907967 15.6645180148 -1.47456226058
-21.6689700527 14.8653721015 -1.70538782748
25.1961339068 16.8270079873 -1.48217217852
-18.3338656377 16.1345808222 -1.68217306731
28.48504832 15.6971422334 -1.47473207257
-21.585110191 14.9006814413 -1.70478206819
10.5483338364 19.4917836057 -1.53066907613
-3.77840230082 19.2638897074 -1.59649402424
36.7654392985 11.3502919707 -1.46574805253
-29.7227930981 10.2926705888 -1.77123175832
31.4337472449 14.4458969836 -1.46960760019
-24.4924439813 13.5562848896 -1.72656344832
20.0986420899 18.1423205178 -1.49653187919
-13.2808695937 17.6113561049 -1.64989581381
38.2730874806 10.1712761803 -1.46662713778
-31.1921081372 9.06630055471 -1.78578865878
9.82232675204 19.54280615 -1.53359874081
-3.05438902355 19.3379775744 -1.59276149355
24.3959676967 17.0659500766 -1.48421553773
-17.5417188202 16.3988516688 -1.67690045997
15.2157573758 18.9957221669 -1.51292497099
-8.4276532313 18.619628899 -1.62155587347
33.4538295337 13.4243363579 -1.46716347116
-26.4789506494 12.4709918709 -1.7425278045
21.0075041324 17.9419309254 -1.49375016969
-14.1828856122 17.382161064 -1.65543427949
20.4002422724 18.0773548541 -1.49559884301
-13.5802467944 17.5368307567 -1.65172400005
26.6279651249 16.3656880177 -1.47873477314
-19.7502712916 15.6279542455 -1.69182203713
22.3666794945 17.6157763789 -1.48976201998
-15.5309792404 17.0129422719 -1.66388482057
17.4632029929 18.6479159509 -1.50508779545
-10.662876955 18.200517329 -1.63431455968
21.9725312342 17.7137100012 -1.49089679699
-15.1401513851 17.1233624274 -1.66141298324
23.9494296634 17.19370199 -1.48539212882
-17.099477897 16.5407412964 -1.67399350906
33.7682194112 13.2509423238 -1.46687656602
-26.7876560268 12.2876863256 -1.74510374351
38.3472739446 10.1080912469 -1.4667039381
-31.2642436306 9.00078809316 -1.78653774308
15.6153229808 18.9392604577 -1.51149675845
-8.82521717485 18.5504873332 -1.62379011487
32.5827055332 13.8836166061 -1.46809578758
-25.6229030134 12.9577460583 -1.73552453934
41.2781807549 6.99866877335 -1.47371678225
-34.0945840968 5.79972205976 -1.82002094303
37.9447949769 10.4445180439 -1.46632858815
-30.8726887998 9.34984550307 -1.78251416279
26.864278807 16.2851782962 -1.47819582339
-19.9838997771 15.539969203 -1.69344226155
6.67526889624 19.6856518976 -1.5468063317
0.0865219543058 19.5808453868 -1.57707867855
32.9226892373 13.7079440154 -1.46770871715
-25.9571166391 12.771349081 -1.73823510425
22.0380335781 17.6976272008 -1.49070696262
-15.2051080546 17.1052044291 -1.66182254971
23.2131391179 17.3958997439 -1.48738702891
-16.3700035211 16.7662548202 -1.66925387458
21.032251502 17.9362796324 -1.49367569126
-14.2074403615 17.3757255274 -1.65558632226
30.1616630939 15.0170392873 -1.47161490879
-23.2392038775 14.1675972629 -1.71696802087
12.9997606854 19.2681470913 -1.52111003564
-6.22146049301 18.9623971297 -1.60942295454
37.053575659 11.1389866547 -1.46582506081
-30.0040502346 10.0723079897 -1.77392487519
35.4618572671 12.2377149031 -1.46584453575
-28.4481492612 11.2211050912 -1.75948244621
8.05673958958 19.6384942591 -1.54090768115
-1.2927458523 19.4897729688 -1.58386438728
5.23625989994 19.7091817998 -1.55311672258
1.52405178986 19.6501320923 -1.57017265938
41.8173212721 6.21399414363 -1.4763869457
-34.6084479327 4.99829739956 -1.82752919076
30.6545125683 14.8017708355 -1.47079819789
-23.7249440813 13.9367624871 -1.72064749207
28.1305127396 15.831308572 -1.47545382761
-21.2350294812 15.0460560378 -1.70226642635
12.2463532311 19.3454154934 -1.52399245952
-5.47089705009 19.0635890401 -1.60539530447
38.7944191378 9.71516212082 -1.46724531134
-31.6986416181 8.59383635161 -1.79112941317
7.35674837735 19.6654095053 -1.5438769281
-0.593967089124 19.5389383032 -1.58040691148
27.8248028417 15.9444519725 -1.4760927045
-20.9330798165 15.1688654156 -1.70011337919
15.1082262259 19.0105280796 -1.51331185636
-8.3206483713 18.6378474136 -1.62095706178
6.55655525952 19.6885786009 -1.5473205236
0.205082160393 19.5875463804 -1.57650270321
11.9586463422 19.3729082187 -1.52510625199
-5.18421203759 19.1002185574 -1.60387002291
13.912494515 19.1641924392 -1.51768518619
-7.13041920479 18.8294650042 -1.61436796797
34.5511884175 12.7999727858 -1.46628625644
-27.5558581697 11.8120424698 -1.75164037195
23.3051883797 17.3711864839 -1.48713396505
-16.4612186459 16.7386263927 -1.66984282865
40.4781190065 8.00093442988 -1.47080659129
-33.3268647515 6.82692624672 -1.80990749879
9.49174902562 19.5637721774 -1.53494743127
-2.72464693228 19.3694472403 -1.59107630963
32.0953989649 14.1278360209 -1.46869974541
-25.1436254194 13.2173408266 -1.73168747503
25.7505083294 16.6536679334 -1.48080707194
-18.8824356397 15.9436963463 -1.68587549732
21.8769610473 17.7370386866 -1.49117465879
-15.0453730008 17.1497189677 -1.66081627844
34.701462295 12.7101137255 -1.46619440666
-27.7031925477 11.717449386 -1.75291589906
3.54786690841 19.7036999412 -1.56073543325
3.21176366638 19.6983535819 -1.5622796774
21.9215880147 17.726165394 -1.4910447791
-15.0896308742 17.1374317932 -1.66109478486
20.9626611126 17.9521446266 -1.49388529973
-14.1383907783 17.3937958531 -1.65515894202
20.0238731553 18.1581934561 -1.49676469469
-13.2066443433 17.6295990782 -1.64944406764
9.73501969825 19.5484807427 -1.5339540446
-2.96730704202 19.3464261553 -1.59231555768
17.7388510325 18.6000990243 -1.50416004373
-10.9368616062 18.1439574526 -1.63591212447
16.1481978371 18.8603858358 -1.509615243
-9.35530861899 18.4547042171 -1.62679245439
17.3308099059 18.6704736934 -1.50553604378
-10.5312697692 18.2272744964 -1.63354984477
20.744002843 18.0014578364 -1.49454738212
-13.9214146894 17.4500386533 -1.65381947929
35.7106704448 12.0763239089 -1.46577427183
-28.6916936506 11.0518822166 -1.76167434522
5.86709327044 19.7020692152 -1.5503295905
0.893764808975 19.6229589978 -1.57317981157
40.2253079353 8.28748627954 -1.4700826629
-33.0833127059 7.12137369274 -1.80690300376
41.7285870367 6.35089837963 -1.47589713189
-34.5241210839 5.13795450019 -1.82624423863
11.8189382822 19.3858595943 -1.52564968845
-5.04498748266 19.1176068851 -1.6031318887
14.9637851517 19.0301577446 -1.51383321605
-8.17690600276 18.6620611826 -1.62015434738
39.0038302007 9.52351323447 -1.46754835402
-31.9018397063 8.39562413451 -1.79332821046
5.32575165281 19.7084765658 -1.55271936122
1.43462786956 19.6465808654 -1.57059733556
9.73771276768 19.5483071797 -1.53394307535
-2.96999321589 19.3461670253 -1.59232930364
18.1993683289 18.5176260886 -1.50262685924
-11.3945175071 18.0468792315 -1.63859753537
36.7293127337 11.3763671248 -1.46574111168
-29.6875157212 10.3198815579 -1.77089674827
37.207956805 11.0232514548 -1.46588266992
-30.1546652643 9.95172124744 -1.77538380538
41.304840924 6.96227832846 -1.47383317408
-34.1200711827 5.76250211392 -1.8203769282
29.9419100724 15.1106821598 -1.47199426021
-23.0225461423 14.2681820759 -1.71534225994
22.3246031302 17.6263640797 -1.48988229721
-15.4892615769 17.0248628755 -1.6636201017
14.9862293036 19.0271269678 -1.51375207804
-8.19924220367 18.6583180894 -1.62027895507
7.88394519158 19.6457168271 -1.54163689275
-1.12026918312 19.5024877277 -1.58300723267
39.3475362015 9.19733651555 -1.46812116202
-32.2349779757 8.05868092434 -1.79701081531
21.2131957512 17.8946407556 -1.4931331977
-14.3869660862 17.3283526922 -1.65670002709
4.71519670956 19.7112954142 -1.55544327741
2.04478352023 19.66881743 -1.56771263227
32.2602172045 14.0462098239 -1.46848915031
-25.305759125 13.1305138391 -1.73297907797
34.89615108 12.5920270821 -1.46608623876
-27.8940198578 11.5932303782 -1.75457900527
24.6024058273 17.0055498573 -1.48368028185
-17.7461276801 16.3319161492 -1.67825286236
37.1316663653 11.0806694988 -1.46585273966
-30.0802431016 10.0115366611 -1.77466141808
5.12240856033 19.7099339453 -1.55362318662
1.63782145497 19.6545049814 -1.56963330666
18.2763051009 18.5035295628 -1.5023727804
-11.470966101 18.0303428207 -1.63904819372
7.76420040166 19.650499315 -1.54214367403
-1.00073748048 19.5110763617 -1.58241464543
19.1193987707 18.3430010868 -1.49962780653
-12.3085172445 17.8430805028 -1.64402503147
35.7879395751 12.0254794856 -1.46575715132
-28.7673034741 10.9986059637 -1.76235963516
32.6185316076 13.8653137783 -1.46805364469
-25.6581277148 12.9383130332 -1.735808843
19.2916374535 18.3088245989 -1.49907599038
-12.4795796021 17.8034431611 -1.64505053014
39.0416274955 9.48836823392 -1.46760664381
-31.9384979586 8.35929477733 -1.79372859019
7.98576895172 19.6415066988 -1.54120688689
-1.22190717763 19.4950411544 -1.58351204262
13.0916337749 19.2581990758 -1.52076195378
-6.31297002452 18.9495320659 -1.60991743385
8.84328923007 19.6008063215 -1.53761957346
-2.07769590162 19.4270873494 -1.58779661816
4.09698776497 19.7093956773 -1.55823218842
2.66273964888 19.686581242 -1.56482191737
14.9911476194 19.0264618636 -1.51373430399
-8.20413683315 18.6574968917 -1.62030626711
35.5688513103 12.1687448988 -1.46581152459
-28.5528913652 11.1487670221 -1.76042226799
4.53908236174 19.7112412448 -1.55623461757
2.22081032738 19.6743647332 -1.56688604124
25.3447788162 16.7811674725 -1.48180201588
-18.4809745103 16.0840357828 -1.68316176109
16.8288293071 18.7536158564 -1.50725111137
-10.032192907 18.326340376 -1.63066550083
21.5219033069 17.8222981329 -1.4922161078
-14.6932119932 17.2462280689 -1.65860837344
35.5967828464 12.1506334317 -1.46580359701
-28.5802316275 11.1297763523 -1.76066828962
18.5477732712 18.4530567943 -1.50148103519
-11.740688374 17.9712613922 -1.64064297667
10.2789507519 19.5115161076 -1.53175092505
-3.50978452793 19.2921801328 -1.59510399972
7.84020172234 19.6474850193 -1.54182188585
-1.07660422893 19.5056463165 -1.58279062314
30.7706266785 14.7499701488 -1.47061281656
-23.8393487246 13.8812949626 -1.72152124138
8.97280544336 19.593841506 -1.5370830662
-2.20692453563 19.4160067066 -1.58844892781
22.2506202288 17.6449030193 -1.49009428313
-15.4159069126 17.0457454984 -1.66315513737
18.2597989843 18.5065615651 -1.50242724075
-11.4545649646 18.0338982752 -1.63895145995
7.04288083369 19.6754614037 -1.5452213875
-0.280578935493 19.5589678926 -1.57886941135
27.5050426577 16.0603315235 -1.47677693151
-20.6171741739 15.2948564366 -1.69787700589
15.6677087619 18.9316882535 -1.5113106111
-8.87733511731 18.5412527991 -1.62408411541
33.7878265973 13.2399874281 -1.46685958808
-26.8069042003 12.2761133617 -1.74526528858
41.6813751059 6.4223735249 -1.47564538606
-34.4792106161 5.21089502684 -1.82556923157
20.5505850588 18.0444053571 -1.49513740694
-13.7294634516 17.4991161989 -1.65263890572
11.8748243075 19.3807100121 -1.52543210033
-5.10068109127 19.1106824173 -1.60342695912
20.0075127161 18.1616544063 -1.49681571738
-13.1904024787 17.6335786299 -1.64934529732
15.2619348633 18.989313508 -1.51275915712
-8.47360310311 18.6117547797 -1.62181334364
20.3251931349 18.0936617067 -1.4958301014
-13.5057553096 17.5555163364 -1.65126818613
18.8730458472 18.3910636569 -1.50042239011
-12.0638206879 17.8989541458 -1.6425634622
40.7270087128 7.70593913928 -1.47160291994
-33.5662283721 6.52416436134 -1.81294713322
17.6863059652 18.6093030481 -1.50433631787
-10.8846364556 18.1548280453 -1.63560702629
34.1594945307 13.0291004756 -1.46655871333
-27.1716639013 12.0535121316 -1.7483479696
22.539515496 17.5719491775 -1.48927014297
-15.7023310969 16.9636401101 -1.6649743329
18.0976529391 18.5361222955 -1.50296367836
-11.2934430494 18.0686011953 -1.6380026258
24.2612583879 17.104904535 -1.48456779339
-17.4083190628 16.4420709102 -1.67602087432
39.7505415878 8.79452152875 -1.46892492968
-32.6249435197 7.64325223161 -1.80145792991
22.0265487012 17.7004526045 -1.49074021148
-15.1937190296 17.1083936855 -1.66175070321
15.3668622436 18.9746383103 -1.51238311797
-8.5780096785 18.5937497287 -1.62239910044
15.7206200583 18.9239999926 -1.51112285657
-8.92997461068 18.5318855528 -1.62438131957
34.737250914 12.6885490692 -1.46617359746
-27.7382758756 11.694757377 -1.75322071478
30.7535840419 14.7575995454 -1.47063985487
-23.8225578346 13.8894625456 -1.72139282975
41.5739895848 6.58161706678 -1.47509438536
-34.3769537703 5.37347332801 -1.82405501791
36.3615358524 11.6367465624 -1.46570336182
-29.3282221625 10.5918264292 -1.76751843476
39.2162584569 9.32369841603 -1.46789083288
-32.1077932536 8.18915416034 -1.79559296667
14.6905962718 19.0664777005 -1.51482452482
-7.9050129174 18.7070517005 -1.61864124818
35.5135062961 12.2045014615 -1.46582807918
-28.4987137752 11.1862657495 -1.75993561518
10.7684651774 19.474954533 -1.52978959346
-3.99788581118 19.2400677271 -1.59763437528
24.6206468298 17.0001716463 -1.48363325371
-17.7641880619 16.3259604959 -1.67837262285
24.9343713674 16.906615096 -1.48283128454
-18.0747724326 16.2224731289 -1.68043907403
6.96722387044 19.6776981013 -1.54554667476
-0.205031592005 19.5636097813 -1.57849998242
3.70115361382 19.7056692429 -1.56003419271
3.05849190595 19.6954464901 -1.56298693597
22.8530243037 17.4910587599 -1.48838695426
-16.0131034495 16.8728193172 -1.66695943705
31.75461192 14.2935450288 -1.46915507596
-24.8082913736 13.3938048223 -1.72903633142
15.4246547194 18.9664882662 -1.51217643686
-8.63551316258 18.5837656838 -1.62272215271
26.0873215592 16.5451358231 -1.47999857764
-19.2156198083 15.8245066572 -1.68814534156
21.9360798656 17.7226268865 -1.49100265213
-15.1040026263 17.1334341554 -1.66118527324
6.2183308477 19.6959437309 -1.54879181188
0.542900449485 19.6056652512 -1.57486787748
39.6130371182 8.93460157436 -1.46863355206
-32.4919723529 7.78763470498 -1.79992383765
35.8943379527 11.9548920607 -1.46573731067
-28.871398676 10.9246702393 -1.7633069184
11.2002215411 19.4400994451 -1.5280765996
-4.42831268506 19.1914979803 -1.59988272798
30.7063637955 14.7786909657 -1.47071507809
-23.7760335941 13.9120451497 -1.72103733896
3.6233570054 19.7047064921 -1.56038985053
3.13627975949 19.6969586051 -1.56262775274
37.8193178256 10.5463278589 -1.46623152104
-30.7505193864 9.45559460616 -1.78127927041
37.8101022705 10.553750041 -1.46622474987
-30.7415450078 9.46330613365 -1.78118892463
4.79889098213 19.7111850908 -1.55506809421
1.96113518504 19.6660452051 -1.56810631354
16.1702527999 18.8570325554 -1.50953794564
-9.37724555163 18.4506511622 -1.62691728013
15.9770422012 18.8861680984 -1.51021666356
-9.18506128005 18.4859171412 -1.62582528091
35.6635949716 12.1071302322 -1.46578580643
-28.6456236722 11.0841701949 -1.7612579181
27.8124849111 15.9489622336 -1.47611876212
-20.9209118475 15.1737651713 -1.70002693505
3.97506097699 19.7084566424 -1.55878589581
2.78463455811 19.6895206535 -1.56425537305
11.0315572119 19.454007371 -1.52874388148
-4.26017701802 19.2107633486 -1.59900256444
29.7172498927 15.2049637057 -1.47239150707
-22.8010040872 14.3695613142 -1.713689407
38.513643444 9.96436954794 -1.46688930327
-31.4259491562 8.85184773899 -1.78823046634
7.40693893284 19.6636864922 -1.54366268581
-0.644077301349 19.5356198162 -1.58065350638
