39.7567950364 6.42963001083 -4.04536757496
39.7916383481 5.07160625608 -4.04571020767
39.7792587061 6.1472946726 -4.04568106356
39.7995940277 5.35472219687 -4.04588103152
38.4288192749 10.6632110695 -4.02489075346
38.6825122558 0.775485794752 -4.02738545064
39.4307067953 8.20218468099 -4.04045384542
39.5568775379 3.28465942393 -4.04169454902
36.916779554 12.8986401834 -4.00117225762
37.2870972566 -1.53455262654 -4.00481378734
39.4344504565 8.18854671235 -4.04051130523
39.5599169045 3.29847145445 -4.04174508313
39.5792873857 7.59209620413 -4.04272360194
39.6739766779 3.90156560995 -4.04365473181
39.1515332223 9.07192483504 -4.03614594462
39.3226724573 2.40174526393 -4.03782884718
38.3884626873 10.7369447418 -4.02425989907
38.6459899091 0.699779302747 -4.02679230037
38.2187669262 11.0352944918 -4.0216053888
38.4918171214 0.393118638019 -4.0242904357
38.6922860388 10.1506362557 -4.02900439618
38.9193469808 1.30089903638 -4.03123720645
39.3758902525 8.39434750714 -4.03961131486
39.5119874261 3.08993798719 -4.04094963031
39.7885919347 5.98405201752 -4.04580414167
39.8005437331 5.51822872625 -4.04592167003
38.9999960338 9.46230569402 -4.03379483303
39.1913537907 2.00410593268 -4.035676555
39.771669024 6.25455757818 -4.04557699988
39.7975148788 5.24721117571 -4.04583115584
39.6481444787 7.23679091595 -4.0437641536
39.7245227601 4.25993494868 -4.04451522161
39.1787439408 8.99699501539 -4.03656736698
39.3460048944 2.47797209082 -4.03821213235
39.2443616796 8.80904015998 -4.03758247907
39.4018977773 2.66904507676 -4.0391316148
37.0247592405 12.7648540015 -4.00287010817
37.3880741635 -1.39540432958 -4.00644277586
39.3231920755 8.56745605934 -4.03879952853
39.4682357707 2.91435439895 -4.04022581986
39.1965154057 8.94714200248 -4.0368424572
39.3611964624 2.52867098073 -4.03846185308
36.353493682 -2.6974100711 -3.98977192923
37.563927163 12.0485176735 -4.01134033372
37.8897981532 -0.652357276254 -4.01454479542
38.3037368603 10.8881688103 -4.02293490655
38.5691304928 0.544408733526 -4.02554466242
38.699722255 10.1352810467 -4.02912036305
38.9259859814 1.31661543491 -4.03134533387
38.0967274878 11.2393620202 -4.01969471675
38.3804030598 0.183060370068 -4.0224842486
36.6175087373 13.2551634954 -3.99646435674
37.0065031228 -1.90595607476 -4.00028954415
39.6708423476 7.10229090839 -4.04410444572
39.7402934696 4.39542211314 -4.04478739531
38.2830855162 10.9243300412 -4.02261183958
38.5503607075 0.50723590192 -4.02524009782
39.4875925404 7.98670003507 -4.04132567155
39.6026381638 3.50277811763 -4.04245697598
36.4388184557 13.458918145 -3.99365191354
36.8384967226 -2.11860744059 -3.99758216121
39.3546517399 8.46536654628 -4.0392843428
39.4944187871 3.0179231029 -4.04065874606
39.6837315572 7.0205815589 -4.04429685166
39.7489755832 4.4776850126 -4.04493843065
38.4560501959 10.6128041517 -4.02531632519
38.707122427 0.827223026644 -4.02778525115
36.3684958232 13.5373829281 -3.99254482237
36.7722903805 -2.20057574589 -3.99651554769
39.789459572 5.96600604751 -4.04581513521
39.8004848138 5.53629544907 -4.04592355224
36.3800353703 -2.66695951427 -3.99019915141
39.6948956738 6.94605493491 -4.04446292012
39.7563032111 4.55268616031 -4.0450667729
37.88695052 11.5724569922 -4.01640764965
38.1879835785 -0.160355518745 -4.01936786684
37.6918636917 11.8647974929 -4.01334804691
38.0081449764 -0.462317124337 -4.01645820797
36.9357615123 12.8753299276 -4.00147075857
37.3048588633 -1.51029948013 -4.00510028792
37.9798685037 11.4274947665 -4.01786401572
38.2733454844 -0.0108183846569 -4.02074993
39.572824046 7.62235850741 -4.04262544739
39.6690737238 3.87101163186 -4.04357192135
37.9984996708 11.3979478119 -4.01815595957
38.2904369376 0.0196452617327 -4.02102673303
37.2482530226 12.4782964328 -4.00638277249
37.5965788917 -1.09776108191 -4.00980804489
39.793132607 5.88035017674 -4.04586022953
39.7997604995 5.62202698809 -4.0459254051
39.5007029334 7.93427235234 -4.04152616871
39.6130427619 3.55580922755 -4.04263086563
38.104466644 11.2266597393 -4.01981591968
38.3874806465 0.196142869138 -4.02259894596
37.8818175541 11.5803521741 -4.01632717961
38.1832622397 -0.168503575728 -4.01929144455
39.4468318356 8.14292837065 -4.04070126141
39.5699426377 3.34466479362 -4.041911875
37.4406971702 12.2200686852 -4.00940563586
37.7755276255 -0.830002879594 -4.01269820072
38.3092352712 10.8784959497 -4.02302091596
38.5741256344 0.554350873125 -4.02562572292
37.7179506519 11.8265893544 -4.01375731411
38.0322382575 -0.422821291426 -4.01684787027
39.6972459045 6.92986792251 -4.04449780255
39.7578202634 4.56897241255 -4.04509346224
37.3995510512 12.2762385781 -4.00875947281
37.7373160989 -0.88820919941 -4.01208089507
36.1326573083 13.7938935877 -3.98883097452
36.5499163297 -2.46884477334 -3.99293410304
36.7066829622 13.1510129421 -3.99786750301
37.0902190586 -1.79736892094 -4.00163901618
36.3633200745 -2.68615192976 -3.98993009509
37.9283415746 11.5083662301 -4.01705647501
38.2260335286 -0.0942261906747 -4.01998383736
36.9953768519 12.801546222 -4.00240815038
37.3606120529 -1.43355525855 -4.00599970118
39.0047022526 9.45078965972 -4.03386794527
39.195463263 2.01584818981 -4.03574379912
39.7881256136 5.9934808534 -4.04579819091
39.8005615455 5.50878838101 -4.04592048
38.4751081728 10.577202427 -4.02561411755
38.7243296339 0.863755366073 -4.02806484392
39.5256024119 7.83139032024 -4.04190643954
39.6326335841 3.65983294226 -4.04295893363
39.6564488723 7.18883580115 -4.04388885087
39.730357041 4.30825288141 -4.04461562896
38.1729077403 11.1129396463 -4.02088755905
38.450000002 0.313223588385 -4.02361235373
39.2197938289 8.88068373176 -4.03720261079
39.3810362081 2.59623572327 -4.03878819234
39.7469695858 6.52908875865 -4.04522670598
39.7869261681 4.97177445256 -4.04561962017
39.6350702403 7.30969270204 -4.04356742774
39.7152042008 4.18645853244 -4.04435542733
37.0536832959 12.7285191104 -4.00332482636
37.4150968682 -1.35763376732 -4.00687879706
39.5439493526 7.75251977222 -4.04218616034
39.6469118233 3.7395406975 -4.04319864474
39.7844090026 6.06305491824 -4.04574989277
39.8004176507 5.43911525025 -4.04590731427
39.1930468013 8.95693097988 -4.03678877473
39.3582344107 2.5187169838 -4.03841315181
38.1414764072 -0.240078464625 -4.01861515928
37.8364162796 11.6496897213 -4.01561534179
39.4147276946 2.71478150615 -4.03934297008
39.2595201218 8.76402195059 -4.03781673198
39.4022497053 2.67028964431 -4.03913741077
39.2447769671 8.80781528025 -4.03758889809
39.2295256738 2.1147792298 -4.03630141925
39.0437931187 9.35373583394 -4.03447501286
39.7327977848 4.32906063132 -4.04465772665
39.6599534458 7.1681806163 -4.04394140976
37.4841800209 -1.26001002168 -4.00799364499
37.1276817795 12.6345670374 -4.00448800933
38.3247562433 0.0813659418676 -4.02158263401
38.0359389105 11.3380685553 -4.01874254051
37.0648644493 -1.83044773795 -4.00123027871
36.6796654043 13.1827478169 -3.99744241289
37.9364404921 -0.578226097654 -4.01529878165
37.6143096419 11.9768762859 -4.01213109872
36.2311997022 -2.83603742108 -3.9878037141
38.3725646348 0.168611184404 -4.02235722751
38.0881584095 11.2533901667 -4.01956051076
36.4793806389 -2.55179061571 -3.99179842587
39.2363750965 2.13503146512 -4.03641360401
39.0516720822 9.33386154937 -4.03459732164
39.5936849653 3.45825432108 -4.04230751645
39.4763679005 8.0307060404 -4.04115387574
37.6616264639 -1.00182719412 -4.01085839394
37.3181345787 12.3858250129 -4.00748065666
38.1676169801 -0.195415023081 -4.01903821533
37.8648128376 11.6064257779 -4.01606058214
39.3825456774 2.60144169598 -4.03881303146
39.2215682791 8.87556202897 -4.03723005561
39.3501589163 2.49174911507 -4.03828040318
39.1835989954 8.9834491765 -4.03664253144
36.9040164313 -2.03648724162 -3.99863786916
36.5084631476 13.3802664514 -3.99474818463
36.6633660677 -2.33330081478 -3.9947610614
36.2529085785 13.6643467201 -3.99072481594
38.0846612878 -0.335890378556 -4.01769586679
37.7747625979 11.742461562 -4.01464846916
37.6867476291 -0.964359806961 -4.01126410065
37.3451440498 12.34969537 -4.00790493208
38.6979848753 0.80794388542 -4.02763679769
38.4459360156 10.6315892669 -4.02515826802
38.0404670942 -0.409266725847 -4.01698096598
37.7268637512 11.8134746746 -4.01389713854
37.1403982496 -1.73140027015 -4.00244802507
36.7601790566 13.0877047424 -3.99870912876
36.2101442022 -2.85963329102 -3.98746488658
37.9398071167 -0.572837440601 -4.01535320998
37.6179481718 11.9716673908 -4.01218820084
39.1009692719 1.75535154269 -4.03419905906
38.8969740899 9.70609700682 -4.0321930666
39.4511475979 2.84896590509 -4.0399436176
39.3027732045 8.63188207061 -4.03848457376
