-39.9769253108 0.679235359107 0.0
-39.9769253108 -0.679235359107 0.0
-39.9921419194 0.396416666709 3.15544362088e-30
-39.9921419194 -0.396416666709 3.15544362088e-30
-38.7578188568 4.94548980034 0.0
-38.7578188568 -4.94548980034 0.0
-39.696372942 2.45957187583 3.15544362088e-30
-39.696372942 -2.45957187583 3.15544362088e-30
-39.6997660021 2.44584235897 0.0
-39.6997660021 -2.44584235897 0.0
-39.8292733678 1.84587262532 0.0
-39.8292733678 -1.84587262532 0.0
-39.4395665927 3.33618745654 3.15544362088e-30
-39.4395665927 -3.33618745654 3.15544362088e-30
-38.7193618654 5.02023447494 0.0
-38.7193618654 -5.02023447494 0.0
-38.5573537665 5.32283924522 0.0
-38.5573537665 -5.32283924522 0.0
-39.0080836429 4.42632495723 0.0
-39.0080836429 -4.42632495723 0.0
-39.646496887 2.65307767447 0.0
-39.646496887 -2.65307767447 0.0
-39.9972857304 0.232988303349 0.0
-39.9972857304 -0.232988303349 0.0
-39.2980741893 3.73032723136 0.0
-39.2980741893 -3.73032723136 0.0
-39.9873053 0.503838974125 0.0
-39.9873053 -0.503838974125 0.0
-39.8890021728 1.48891786676 0.0
-39.8890021728 -1.48891786676 0.0
-39.4648496916 3.26058425834 0.0
-39.4648496916 -3.26058425834 0.0
-39.5256327003 3.07100796335 0.0
-39.5256327003 -3.07100796335 0.0
-39.5982499854 2.82748112684 0.0
-39.5982499854 -2.82748112684 0.0
-39.4813387219 3.21029175971 -3.15544362088e-30
-39.4813387219 -3.21029175971 -3.15544362088e-30
-38.6385324111 5.17358224822 0.0
-38.6385324111 -5.17358224822 0.0
-39.0151244597 4.41078404019 0.0
-39.0151244597 -4.41078404019 0.0
-38.4405738018 5.52997029357 0.0
-38.4405738018 -5.52997029357 0.0
-39.9082452308 1.3538798506 0.0
-39.9082452308 -1.3538798506 0.0
-38.6188128605 5.21026134763 0.0
-38.6188128605 -5.21026134763 0.0
-39.7477195253 2.24269885055 0.0
-39.7477195253 -2.24269885055 0.0
-39.6270844652 2.72461817441 0.0
-39.6270844652 -2.72461817441 0.0
-39.9190358095 1.27186674221 0.0
-39.9190358095 -1.27186674221 0.0
-38.7837512199 4.89440091625 0.0
-38.7837512199 -4.89440091625 0.0
-39.9976902737 0.214926014085 0.0
-39.9976902737 -0.214926014085 0.0
-39.9282858968 1.19707824948 0.0
-39.9282858968 -1.19707824948 0.0
-38.2393838983 5.86833705323 0.0
-38.2393838983 -5.86833705323 0.0
-38.3285644812 5.72103890938 0.0
-38.3285644812 -5.72103890938 0.0
-39.82358763 1.87629077417 0.0
-39.82358763 -1.87629077417 0.0
-38.3464339342 5.69102373332 0.0
-38.3464339342 -5.69102373332 0.0
-39.9991653063 0.129204105004 0.0
-39.9991653063 -0.129204105004 0.0
-39.759482381 2.18995209951 0.0
-39.759482381 -2.18995209951 0.0
-38.4479855507 5.51707366031 0.0
-38.4479855507 -5.51707366031 0.0
-38.2344544996 5.87636131281 0.0
-38.2344544996 -5.87636131281 0.0
-39.7109746658 2.39992140964 0.0
-39.7109746658 -2.39992140964 0.0
-38.6437815793 5.16377152023 0.0
-38.6437815793 -5.16377152023 0.0
-39.9302204199 1.18083627323 0.0
-39.9302204199 -1.18083627323 0.0
-38.2791225089 5.80320557863 0.0
-38.2791225089 -5.80320557863 0.0
-39.3024840444 3.71869425817 0.0
-39.3024840444 -3.71869425817 0.0
-39.9970613738 0.242425999094 0.0
-39.9970613738 -0.242425999094 0.0
-38.8018920782 4.85832201353 0.0
-38.8018920782 -4.85832201353 0.0
-39.7817376727 2.08646517688 0.0
-39.7817376727 -2.08646517688 0.0
-39.8960747329 1.44076549993 0.0
-39.8960747329 -1.44076549993 0.0
-38.5134956285 5.40163527269 0.0
-38.5134956285 -5.40163527269 0.0
-39.5029076349 3.14325819773 0.0
-39.5029076349 -3.14325819773 0.0
-39.9696531817 0.77891343081 0.0
-39.9696531817 -0.77891343081 0.0
-39.8778006697 1.5621310565 3.15544362088e-30
-39.8778006697 -1.5621310565 3.15544362088e-30
-39.7980576995 2.00714992898 0.0
-39.7980576995 -2.00714992898 0.0
-39.9951302409 0.31207251196 0.0
-39.9951302409 -0.31207251196 0.0
-39.4781219279 3.22016649586 0.0
-39.4781219279 -3.22016649586 0.0
-38.1908410722 -5.94684071996 3.15544362088e-30
-38.1908410722 5.94684071996 3.15544362088e-30
-39.5396332599 -3.02561570902 0.0
-39.5396332599 3.02561570902 0.0
-39.5260164829 -3.06977283333 3.15544362088e-30
-39.5260164829 3.06977283333 3.15544362088e-30
-39.3390773578 -3.62066957324 0.0
-39.3390773578 3.62066957324 0.0
-39.8990487468 -1.42002720925 3.15544362088e-30
-39.8990487468 1.42002720925 3.15544362088e-30
-38.3823295639 -5.63020375396 0.0
-38.3823295639 5.63020375396 0.0
-38.4323663101 -5.54421364597 0.0
-38.4323663101 5.54421364597 0.0
-39.3464449082 -3.60059970992 3.15544362088e-30
-39.3464449082 3.60059970992 3.15544362088e-30
-39.7376260067 -2.2869783203 0.0
-39.7376260067 2.2869783203 0.0
-38.2181220692 -5.90286255783 0.0
-38.2181220692 5.90286255783 0.0
-39.5045503432 -3.13809266042 0.0
-39.5045503432 3.13809266042 0.0
-39.4693562834 -3.24691833041 0.0
-39.4693562834 3.24691833041 0.0
-38.7741209655 -4.91343930845 0.0
-38.7741209655 4.91343930845 0.0
-39.2013268718 -3.97668113801 -3.15544362088e-30
-39.2013268718 3.97668113801 -3.15544362088e-30
-39.579487914 -2.89240974219 0.0
-39.579487914 2.89240974219 0.0
39.7567950364 6.42963001083 -4.04536757496
39.7916383481 5.07160625608 -4.04571020767
39.7792587061 6.1472946726 -4.04568106356
39.7995940277 5.35472219687 -4.04588103152
38.4288192749 10.6632110695 -4.02489075346
38.6825122558 0.775485794752 -4.02738545064
39.4307067953 8.20218468099 -4.04045384542
39.5568775379 3.28465942393 -4.04169454902
36.916779554 12.8986401834 -4.00117225762
37.2870972566 -1.53455262654 -4.00481378734
39.4344504565 8.18854671235 -4.04051130523
39.5599169045 3.29847145445 -4.04174508313
39.5792873857 7.59209620413 -4.04272360194
39.6739766779 3.90156560995 -4.04365473181
39.1515332223 9.07192483504 -4.03614594462
39.3226724573 2.40174526393 -4.03782884718
38.3884626873 10.7369447418 -4.02425989907
38.6459899091 0.699779302747 -4.02679230037
38.2187669262 11.0352944918 -4.0216053888
38.4918171214 0.393118638019 -4.0242904357
38.6922860388 10.1506362557 -4.02900439618
38.9193469808 1.30089903638 -4.03123720645
39.3758902525 8.39434750714 -4.03961131486
39.5119874261 3.08993798719 -4.04094963031
39.7885919347 5.98405201752 -4.04580414167
39.8005437331 5.51822872625 -4.04592167003
38.9999960338 9.46230569402 -4.03379483303
39.1913537907 2.00410593268 -4.035676555
39.771669024 6.25455757818 -4.04557699988
39.7975148788 5.24721117571 -4.04583115584
39.6481444787 7.23679091595 -4.0437641536
39.7245227601 4.25993494868 -4.04451522161
39.1787439408 8.99699501539 -4.03656736698
39.3460048944 2.47797209082 -4.03821213235
39.2443616796 8.80904015998 -4.03758247907
39.4018977773 2.66904507676 -4.0391316148
37.0247592405 12.7648540015 -4.00287010817
37.3880741635 -1.39540432958 -4.00644277586
39.3231920755 8.56745605934 -4.03879952853
39.4682357707 2.91435439895 -4.04022581986
39.1965154057 8.94714200248 -4.0368424572
39.3611964624 2.52867098073 -4.03846185308
36.353493682 -2.6974100711 -3.98977192923
37.563927163 12.0485176735 -4.01134033372
37.8897981532 -0.652357276254 -4.01454479542
38.3037368603 10.8881688103 -4.02293490655
38.5691304928 0.544408733526 -4.02554466242
38.699722255 10.1352810467 -4.02912036305
38.9259859814 1.31661543491 -4.03134533387
38.0967274878 11.2393620202 -4.01969471675
38.3804030598 0.183060370068 -4.0224842486
36.6175087373 13.2551634954 -3.99646435674
37.0065031228 -1.90595607476 -4.00028954415
39.6708423476 7.10229090839 -4.04410444572
39.7402934696 4.39542211314 -4.04478739531
38.2830855162 10.9243300412 -4.02261183958
38.5503607075 0.50723590192 -4.02524009782
39.4875925404 7.98670003507 -4.04132567155
39.6026381638 3.50277811763 -4.04245697598
36.4388184557 13.458918145 -3.99365191354
36.8384967226 -2.11860744059 -3.99758216121
39.3546517399 8.46536654628 -4.0392843428
39.4944187871 3.0179231029 -4.04065874606
39.6837315572 7.0205815589 -4.04429685166
39.7489755832 4.4776850126 -4.04493843065
38.4560501959 10.6128041517 -4.02531632519
38.707122427 0.827223026644 -4.02778525115
36.3684958232 13.5373829281 -3.99254482237
36.7722903805 -2.20057574589 -3.99651554769
39.789459572 5.96600604751 -4.04581513521
39.8004848138 5.53629544907 -4.04592355224
36.3800353703 -2.66695951427 -3.99019915141
39.6948956738 6.94605493491 -4.04446292012
39.7563032111 4.55268616031 -4.0450667729
37.88695052 11.5724569922 -4.01640764965
38.1879835785 -0.160355518745 -4.01936786684
37.6918636917 11.8647974929 -4.01334804691
38.0081449764 -0.462317124337 -4.01645820797
36.9357615123 12.8753299276 -4.00147075857
37.3048588633 -1.51029948013 -4.00510028792
37.9798685037 11.4274947665 -4.01786401572
38.2733454844 -0.0108183846569 -4.02074993
39.572824046 7.62235850741 -4.04262544739
39.6690737238 3.87101163186 -4.04357192135
37.9984996708 11.3979478119 -4.01815595957
38.2904369376 0.0196452617327 -4.02102673303
37.2482530226 12.4782964328 -4.00638277249
37.5965788917 -1.09776108191 -4.00980804489
39.793132607 5.88035017674 -4.04586022953
39.7997604995 5.62202698809 -4.0459254051
39.5007029334 7.93427235234 -4.04152616871
39.6130427619 3.55580922755 -4.04263086563
38.104466644 11.2266597393 -4.01981591968
38.3874806465 0.196142869138 -4.02259894596
37.8818175541 11.5803521741 -4.01632717961
38.1832622397 -0.168503575728 -4.01929144455
39.4468318356 8.14292837065 -4.04070126141
39.5699426377 3.34466479362 -4.041911875
37.4406971702 12.2200686852 -4.00940563586
37.7755276255 -0.830002879594 -4.01269820072
38.3092352712 10.8784959497 -4.02302091596
38.5741256344 0.554350873125 -4.02562572292
37.7179506519 11.8265893544 -4.01375731411
38.0322382575 -0.422821291426 -4.01684787027
39.6972459045 6.92986792251 -4.04449780255
39.7578202634 4.56897241255 -4.04509346224
37.3995510512 12.2762385781 -4.00875947281
37.7373160989 -0.88820919941 -4.01208089507
36.1326573083 13.7938935877 -3.98883097452
36.5499163297 -2.46884477334 -3.99293410304
36.7066829622 13.1510129421 -3.99786750301
37.0902190586 -1.79736892094 -4.00163901618
36.3633200745 -2.68615192976 -3.98993009509
37.9283415746 11.5083662301 -4.01705647501
38.2260335286 -0.0942261906747 -4.01998383736
36.9953768519 12.801546222 -4.00240815038
37.3606120529 -1.43355525855 -4.00599970118
39.0047022526 9.45078965972 -4.03386794527
39.195463263 2.01584818981 -4.03574379912
39.7881256136 5.9934808534 -4.04579819091
39.8005615455 5.50878838101 -4.04592048
38.4751081728 10.577202427 -4.02561411755
38.7243296339 0.863755366073 -4.02806484392
39.5256024119 7.83139032024 -4.04190643954
39.6326335841 3.65983294226 -4.04295893363
39.6564488723 7.18883580115 -4.04388885087
39.730357041 4.30825288141 -4.04461562896
38.1729077403 11.1129396463 -4.02088755905
38.450000002 0.313223588385 -4.02361235373
39.2197938289 8.88068373176 -4.03720261079
39.3810362081 2.59623572327 -4.03878819234
39.7469695858 6.52908875865 -4.04522670598
39.7869261681 4.97177445256 -4.04561962017
39.6350702403 7.30969270204 -4.04356742774
39.7152042008 4.18645853244 -4.04435542733
37.0536832959 12.7285191104 -4.00332482636
37.4150968682 -1.35763376732 -4.00687879706
39.5439493526 7.75251977222 -4.04218616034
39.6469118233 3.7395406975 -4.04319864474
39.7844090026 6.06305491824 -4.04574989277
39.8004176507 5.43911525025 -4.04590731427
39.1930468013 8.95693097988 -4.03678877473
39.3582344107 2.5187169838 -4.03841315181
38.1414764072 -0.240078464625 -4.01861515928
37.8364162796 11.6496897213 -4.01561534179
39.4147276946 2.71478150615 -4.03934297008
39.2595201218 8.76402195059 -4.03781673198
39.4022497053 2.67028964431 -4.03913741077
39.2447769671 8.80781528025 -4.03758889809
39.2295256738 2.1147792298 -4.03630141925
39.0437931187 9.35373583394 -4.03447501286
39.7327977848 4.32906063132 -4.04465772665
39.6599534458 7.1681806163 -4.04394140976
37.4841800209 -1.26001002168 -4.00799364499
37.1276817795 12.6345670374 -4.00448800933
38.3247562433 0.0813659418676 -4.02158263401
38.0359389105 11.3380685553 -4.01874254051
37.0648644493 -1.83044773795 -4.00123027871
36.6796654043 13.1827478169 -3.99744241289
37.9364404921 -0.578226097654 -4.01529878165
37.6143096419 11.9768762859 -4.01213109872
36.2311997022 -2.83603742108 -3.9878037141
38.3725646348 0.168611184404 -4.02235722751
38.0881584095 11.2533901667 -4.01956051076
36.4793806389 -2.55179061571 -3.99179842587
39.2363750965 2.13503146512 -4.03641360401
39.0516720822 9.33386154937 -4.03459732164
39.5936849653 3.45825432108 -4.04230751645
39.4763679005 8.0307060404 -4.04115387574
37.6616264639 -1.00182719412 -4.01085839394
37.3181345787 12.3858250129 -4.00748065666
38.1676169801 -0.195415023081 -4.01903821533
37.8648128376 11.6064257779 -4.01606058214
39.3825456774 2.60144169598 -4.03881303146
39.2215682791 8.87556202897 -4.03723005561
39.3501589163 2.49174911507 -4.03828040318
39.1835989954 8.9834491765 -4.03664253144
36.9040164313 -2.03648724162 -3.99863786916
36.5084631476 13.3802664514 -3.99474818463
36.6633660677 -2.33330081478 -3.9947610614
36.2529085785 13.6643467201 -3.99072481594
38.0846612878 -0.335890378556 -4.01769586679
37.7747625979 11.742461562 -4.01464846916
37.6867476291 -0.964359806961 -4.01126410065
37.3451440498 12.34969537 -4.00790493208
38.6979848753 0.80794388542 -4.02763679769
38.4459360156 10.6315892669 -4.02515826802
38.0404670942 -0.409266725847 -4.01698096598
37.7268637512 11.8134746746 -4.01389713854
37.1403982496 -1.73140027015 -4.00244802507
36.7601790566 13.0877047424 -3.99870912876
36.2101442022 -2.85963329102 -3.98746488658
37.9398071167 -0.572837440601 -4.01535320998
37.6179481718 11.9716673908 -4.01218820084
39.1009692719 1.75535154269 -4.03419905906
38.8969740899 9.70609700682 -4.0321930666
39.4511475979 2.84896590509 -4.0399436176
39.3027732045 8.63188207061 -4.03848457376
-5.16819581493 19.1022321866 -1.60378502257
-4.22214813562 19.2150686718 -1.59880382743
2.57377180932 19.6843184449 -1.56523618472
4.18598261288 19.7099637141 -1.55782879678
-5.75012689963 19.0268408482 -1.60688787244
-2.51428833876 19.3887842164 -1.5900060441
-0.882542212522 19.5193896036 -1.58182984754
7.64580014431 19.6550490565 -1.54264592681
-0.102562325808 19.5697901638 -1.57799965505
6.86460960672 19.6806162415 -1.54598861454
-4.33779705687 19.2019161955 -1.59940858982
-0.787183472935 19.5259667739 -1.58135888125
7.55028015959 19.6585899388 -1.54305196293
-7.62275106098 18.7526422812 -1.61707768564
-9.18110681665 18.4866370639 -1.62580284862
-0.456812940116 19.5478578199 -1.57973302887
7.21937952984 19.6699622133 -1.54446435594
-9.45657684231 18.435934422 -1.62736907809
1.32971409234 19.6422864174 -1.57109640452
5.43074909381 19.7075211537 -1.55225398197
0.123826544378 19.5829730109 -1.5768973253
6.63791541861 19.6865919436 -1.5469679989
0.183671886329 19.586349435 -1.57660663072
6.57799282168 19.6880632316 -1.54722758446
2.30014111364 19.6767378427 -1.56651434133
4.45971616735 19.711089978 -1.55659205935
-8.1137827776 18.6726006324 -1.61980245103
3.8631359983 19.7074309922 -1.55929524374
2.89653548761 19.6920553786 -1.56373634099
-3.78860590566 19.262796341 -1.59654694673
-8.21527087246 18.6556275929 -1.62036840339
-7.74124449512 18.7336413086 -1.61773317362
-3.44057605416 19.2993153307 -1.5947468621
-8.40838010544 18.6229225206 -1.62144793963
4.99944021417 19.7105639155 -1.55417139098
1.76070739858 19.6590457302 -1.56905192046
8.44692693208 19.6207859539 -1.53927012507
-1.68217115172 19.4596634465 -1.58580880278
-8.48683009704 18.6094824992 -1.62188749497
-5.32310742593 19.0826107998 -1.60460810258
-6.68764255628 18.8956523488 -1.6119498306
-4.26362788466 19.2103717187 -1.59902060467
-6.59454549011 18.9092215473 -1.61144365212
7.4463406845 19.662311496 -1.54349464144
-0.683415267701 19.5329923155 -1.58084723581
-7.42388037615 18.7840851554 -1.61598046299
7.69140796459 19.6533175654 -1.54245232214
-0.92807174224 19.5162084002 -1.58205497825
6.65857594999 19.68607417 -1.54687856527
0.103192983859 19.5817983765 -1.57699761956
-5.45578134006 19.0655481403 -1.60531470246
-7.78786192129 18.7261113257 -1.61799140895
-5.76410669066 19.0249731449 -1.60696277959
5.56177069093 19.706135059 -1.55167451413
1.19880307336 19.6367337879 -1.57172039996
-3.7742886571 19.2643301161 -1.59647269074
4.7012371189 19.7113052842 -1.55550591058
2.05873572071 19.6692712899 -1.56764702323
-4.77237768352 19.1508994286 -1.60169147672
-6.78232463043 18.8817287047 -1.61246542782
7.25912599389 19.6686694797 -1.54429422956
-0.496498065396 19.5453015763 -1.57992785514
-4.35250399422 19.2002308674 -1.59948557943
-8.58735171164 18.5921309826 -1.62245156242
-6.9369765068 18.8587177624 -1.61330933553
7.30477305745 19.66716017 -1.54409900694
-0.54207389824 19.5423411934 -1.58015176094
-2.45641152819 19.3940037368 -1.58971223131
7.79014160331 19.6494787068 -1.54203378594
-1.02663301201 19.5092311921 -1.58254292396
-8.8727320397 18.5420699946 -1.6240581388
-4.19130085462 19.2185468473 -1.59864271263
-8.14957757608 18.6666311267 -1.62000195262
-6.34033334255 18.9456627365 -1.61006543914
8.81990904922 19.6020406824 -1.53771657214
-2.05436690396 19.4290647084 -1.58767900904
7.04741243299 19.6753251375 -1.54520191878
-0.285103895785 19.5586875646 -1.57889155347
7.03440105756 19.6757156954 -1.54525782297
-0.27211156041 19.5594917608 -1.57882798223
-3.77840230082 19.2638897074 -1.59649402424
-3.05438902355 19.3379775744 -1.59276149355
-8.4276532313 18.619628899 -1.62155587347
-8.82521717485 18.5504873332 -1.62379011487
6.67526889624 19.6856518976 -1.5468063317
0.0865219543058 19.5808453868 -1.57707867855
-6.22146049301 18.9623971297 -1.60942295454
8.05673958958 19.6384942591 -1.54090768115
-1.2927458523 19.4897729688 -1.58386438728
5.23625989994 19.7091817998 -1.55311672258
1.52405178986 19.6501320923 -1.57017265938
-5.47089705009 19.0635890401 -1.60539530447
7.35674837735 19.6654095053 -1.5438769281
-0.593967089124 19.5389383032 -1.58040691148
-8.3206483713 18.6378474136 -1.62095706178
6.55655525952 19.6885786009 -1.5473205236
0.205082160393 19.5875463804 -1.57650270321
-5.18421203759 19.1002185574 -1.60387002291
-7.13041920479 18.8294650042 -1.61436796797
-2.72464693228 19.3694472403 -1.59107630963
3.54786690841 19.7036999412 -1.56073543325
3.21176366638 19.6983535819 -1.5622796774
-2.96730704202 19.3464261553 -1.59231555768
-9.35530861899 18.4547042171 -1.62679245439
5.86709327044 19.7020692152 -1.5503295905
0.893764808975 19.6229589978 -1.57317981157
-5.04498748266 19.1176068851 -1.6031318887
-8.17690600276 18.6620611826 -1.62015434738
5.32575165281 19.7084765658 -1.55271936122
1.43462786956 19.6465808654 -1.57059733556
-2.96999321589 19.3461670253 -1.59232930364
-8.19924220367 18.6583180894 -1.62027895507
7.88394519158 19.6457168271 -1.54163689275
-1.12026918312 19.5024877277 -1.58300723267
4.71519670956 19.7112954142 -1.55544327741
2.04478352023 19.66881743 -1.56771263227
5.12240856033 19.7099339453 -1.55362318662
1.63782145497 19.6545049814 -1.56963330666
7.76420040166 19.650499315 -1.54214367403
-1.00073748048 19.5110763617 -1.58241464543
7.98576895172 19.6415066988 -1.54120688689
-1.22190717763 19.4950411544 -1.58351204262
-6.31297002452 18.9495320659 -1.60991743385
8.84328923007 19.6008063215 -1.53761957346
-2.07769590162 19.4270873494 -1.58779661816
4.09698776497 19.7093956773 -1.55823218842
2.66273964888 19.686581242 -1.56482191737
-8.20413683315 18.6574968917 -1.62030626711
4.53908236174 19.7112412448 -1.55623461757
2.22081032738 19.6743647332 -1.56688604124
-3.50978452793 19.2921801328 -1.59510399972
7.84020172234 19.6474850193 -1.54182188585
-1.07660422893 19.5056463165 -1.58279062314
8.97280544336 19.593841506 -1.5370830662
-2.20692453563 19.4160067066 -1.58844892781
7.04288083369 19.6754614037 -1.5452213875
-0.280578935493 19.5589678926 -1.57886941135
-8.87733511731 18.5412527991 -1.62408411541
-5.10068109127 19.1106824173 -1.60342695912
-8.47360310311 18.6117547797 -1.62181334364
-8.5780096785 18.5937497287 -1.62239910044
-8.92997461068 18.5318855528 -1.62438131957
-7.9050129174 18.7070517005 -1.61864124818
-3.99788581118 19.2400677271 -1.59763437528
6.96722387044 19.6776981013 -1.54554667476
-0.205031592005 19.5636097813 -1.57849998242
3.70115361382 19.7056692429 -1.56003419271
3.05849190595 19.6954464901 -1.56298693597
-8.63551316258 18.5837656838 -1.62272215271
6.2183308477 19.6959437309 -1.54879181188
0.542900449485 19.6056652512 -1.57486787748
-4.42831268506 19.1914979803 -1.59988272798
3.6233570054 19.7047064921 -1.56038985053
3.13627975949 19.6969586051 -1.56262775274
4.79889098213 19.7111850908 -1.55506809421
1.96113518504 19.6660452051 -1.56810631354
-9.37724555163 18.4506511622 -1.62691728013
-9.18506128005 18.4859171412 -1.62582528091
3.97506097699 19.7084566424 -1.55878589581
2.78463455811 19.6895206535 -1.56425537305
-4.26017701802 19.2107633486 -1.59900256444
7.40693893284 19.6636864922 -1.54366268581
-0.644077301349 19.5356198162 -1.58065350638
6.54490872037 -18.5124858135 -1.16543843641
-9.61703619311 -18.8528991365 -1.09679630174
5.59875704442 -18.6244777761 -1.1612072818
-2.80983357885 -19.1118578842 -1.12477789395
-1.19759790856 -19.0876548039 -1.13160275533
7.12690924591 -18.4376138489 -1.16805494445
-7.904614237 -18.9737414643 -1.10370666927
3.89073691987 -18.7966682012 -1.15363834989
-6.26960395042 -19.0538463031 -1.11038614842
2.25886994744 -18.9258158035 -1.14648859498
-5.48843610022 -19.0801129774 -1.1136051782
1.47884329388 -18.9755193218 -1.14309882912
-9.73303704136 -18.8433276467 -1.09633138909
5.71441809249 -18.6114285493 -1.16172303244
-6.17408711891 -19.0574727228 -1.11077879526
2.16350511054 -18.9323077623 -1.14607320801
8.99978574904 -18.1650860325 -1.17654784994
10.5583860787 -17.9004704973 -1.18370299177
-5.8431965951 -19.0691413003 -1.11214107283
1.83311427235 -18.953903577 -1.14463617174
10.8339027031 -17.8500134429 -1.18497632292
-4.05459892291 -19.1083014295 -1.11955998749
0.0464993328704 -19.0467352378 -1.13692061758
-5.26174717588 -19.0862916389 -1.11454265167
1.25244217157 -18.9884998268 -1.14211829717
-5.20182587133 -19.0878165736 -1.1147907068
1.19259368994 -18.9918227603 -1.1418593469
-3.08356840411 -19.1127392241 -1.12362658719
-0.92396004115 -19.0803189176 -1.13276856809
9.49089107809 -18.0854823348 -1.1787936688
-1.5203689448 -19.095103059 -1.13023039826
-2.48698436432 -19.1096140086 -1.12613855464
5.16517079649 -18.6718183571 -1.15927749889
-9.18222350889 -18.8872032059 -1.09854259574
9.59239478034 -18.0685998049 -1.17925883685
9.11829665963 -18.1461907499 -1.17708907285
4.81710725012 -18.7080265761 -1.15773250248
-8.83322934026 -18.9129471087 -1.09994836042
9.78553408478 -18.0360669446 -1.18014489496
-0.384509675561 -19.0631091872 -1.13507320285
-3.62329244532 -19.1117301927 -1.12136289743
3.05855419695 -18.8668041033 -1.14998239922
-7.07070011793 -19.0188657155 -1.10710358327
9.86399643332 -18.022696881 -1.18050520886
6.69983840713 -18.4930026934 -1.16613392104
8.06454567043 -18.3072619079 -1.17229276824
5.6402411243 -18.6198178558 -1.16139221856
-9.65864153503 -18.8494865649 -1.09662950717
7.97143611631 -18.3207480444 -1.17187069015
2.05973039065 -18.9392405755 -1.14562149372
-6.0701509548 -19.0612873547 -1.11120635564
8.80088614167 -18.1963515165 -1.17564053556
2.30440242575 -18.922675284 -1.14668701832
-6.31521022782 -19.0520739699 -1.11019876627
1.2730768242 -18.9873436347 -1.14220760272
-5.28240725206 -19.0857553684 -1.11445714978
6.83252803804 -18.4760584477 -1.16673016521
9.16492101132 -18.1387023462 -1.17730212609
7.14089075684 -18.4357586215 -1.16811793202
0.177415543765 -19.0412996513 -1.1374828256
-4.18561936815 -19.1067980683 -1.11901337413
5.15085213302 -18.6733393482 -1.15921386804
-9.16786561663 -18.8882937011 -1.09860035752
-0.682547609135 -19.0730682468 -1.13379888609
-3.32508976523 -19.1127384148 -1.12261256623
6.14904574517 -18.5607997408 -1.16366478504
8.15924055799 -18.2934227378 -1.172722318
1.87280176969 -18.9513827987 -1.14480862314
-5.88294191224 -19.0678129773 -1.11197727194
5.72912658365 -18.6097563511 -1.16178864934
-9.74778912727 -18.8420977143 -1.09627229447
9.96453400049 -18.0054350022 -1.18096719709
8.31391360887 -18.2705497691 -1.17342455732
1.91838034927 -18.9484631452 -1.14500672973
-5.92858763609 -19.0662627942 -1.1117892109
3.83285528625 -18.8018360256 -1.15338339482
-7.84660347952 -18.9771694978 -1.10394230594
2.40297016141 -18.9157861458 -1.14711677027
-6.41394044373 -19.0481466928 -1.10979332322
10.2499603493 -17.9556284813 -1.18228063098
5.56790655625 -18.627928411 -1.161069784
-9.58609597079 -18.8554221617 -1.09692037428
9.52669136586 -18.0795447521 -1.17895769427
7.71719042764 -18.3569624121 -1.17071957201
3.43077825261 -18.8365378665 -1.15161510426
-7.44366542525 -18.9997863531 -1.10558177796
1.66139517544 -18.9645798663 -1.14389054507
-5.67123424997 -19.0746582016 -1.11285030679
1.64840209336 -18.9653724511 -1.14383416261
-5.65822322015 -19.0750604094 -1.11290400406
5.15496618302 -18.6729026126 -1.15923214987
-9.17199092957 -18.8879806558 -1.09858376075
4.43088453151 -18.7463439435 -1.15602242237
-8.44602985436 -18.9396537668 -1.10151230496
9.80481023889 -18.0327905099 -1.18023339565
10.2024377469 -17.9640034534 -1.18206175806
1.28974873973 -18.9864055456 -1.14227976687
-5.29909982695 -19.0853181511 -1.1143880765
7.59830217359 -18.3735907351 -1.17018200259
2.66910102621 -18.8965656981 -1.14827852403
-6.68052862201 -19.0369234889 -1.10869998879
-0.147845708906 -19.0544071551 -1.13608693784
-3.86011107603 -19.1101361396 -1.12037230195
6.84764555254 -18.4741128382 -1.16679813109
1.97027669703 -18.9451066293 -1.14523237071
-5.98056140117 -19.0644655892 -1.11157515244
9.69778862793 -18.0509136009 -1.17974219448
1.17118230268 -18.9930005686 -1.1417667303
-5.18038876147 -19.0883511351 -1.11487947501
6.56092679815 -18.5104864799 -1.16551030741
8.50738322225 -18.2414695833 -1.1743040249
4.10111337794 -18.7775191124 -1.15456585496
-8.11547100548 -18.9609159805 -1.10285102413
-1.83560315948 -19.1011193007 -1.12889299304
-2.17171158556 -19.1061650018 -1.12747019024
4.34379474898 -18.7547147528 -1.15563743702
-8.35872791181 -18.9454065861 -1.10186554875
10.7326172299 -17.8686929575 -1.1845079192
0.482466670737 -19.0277975702 -1.13879477318
-4.49093849928 -19.1024589407 -1.11774152303
6.42168622291 -18.5277505379 -1.16488582031
9.55402399478 -18.0749991802 -1.17908295223
-0.0584184630558 -19.0509358833 -1.13647041672
-3.94960226295 -19.1093508133 -1.11999838939
4.34648116213 -18.7544580218 -1.15564930904
-8.36142082493 -18.9452306102 -1.10185464919
9.57636363758 -18.0712760068 -1.1791853471
2.49661258036 -18.9091263485 -1.14752531349
-6.50774067523 -19.0443008076 -1.10940839056
-0.668594981411 -19.0726268635 -1.13385848574
-3.33904935916 -19.1127160532 -1.1225540088
-0.26161947223 -19.0586783185 -1.13559939244
-3.74626032382 -19.1109901758 -1.12084832893
2.37707292008 -18.9176081766 -1.14700383144
-6.38800015234 -19.0491905321 -1.10989982127
2.59825747259 -18.9017705899 -1.14796906294
-6.60956067584 -19.0399994891 -1.10899083933
7.68982354789 -18.3608073255 -1.17059578911
3.45410907866 -18.8345813474 -1.15171757878
-7.46704449815 -18.9985310488 -1.10548652172
-1.2865678953 -19.0898380308 -1.13122417224
-2.72083813321 -19.1113694722 -1.12515266809
9.58125902217 -18.0704591741 -1.17920778756
-0.844627015347 -19.0780167529 -1.13310696539
-3.1629348067 -19.1128194747 -1.12329318344
4.88632230837 -18.7009531796 -1.1580394435
-8.9026256487 -18.9079545632 -1.0996685365
2.45294469989 -18.9122459215 -1.14733476702
-6.46399878407 -19.0461081743 -1.10958786418
3.58334795723 -18.8236161429 -1.1522855206
-7.59655445777 -18.9914502137 -1.10495913673
1.65686995486 -18.9648561502 -1.14387090767
-5.66670277127 -19.0747985252 -1.1128690079
10.2545641781 -17.9548153901 -1.1823018387
6.47738621142 -18.5208757819 -1.16513555961
9.85076735026 -18.0249573665 -1.180444444
9.95519047915 -18.0070454179 -1.18092424766
10.3072122821 -17.9454950788 -1.18254441512
9.28208953632 -18.1197472087 -1.17783785131
5.3744716665 -18.6492766043 -1.1602083268
-9.39210707807 -18.8709543015 -1.0976989463
1.58131830088 -18.9694305205 -1.14354313652
-5.59104778633 -19.0771029628 -1.11318131956
-1.68232860618 -19.0983493084 -1.12954291333
-2.32500022646 -19.1079971738 -1.12682237762
10.012703142 -17.9971126494 -1.18118866291
0.83334715046 -19.010817476 -1.1403071703
-4.84217078551 -19.0960190496 -1.11628176019
5.80494332551 -18.6010911428 -1.16212698524
-9.82383195501 -18.8357122406 -1.0959677836
-1.76011791072 -19.0997918439 -1.12921298347
-2.2472026693 -19.1071040202 -1.12715107279
-0.584944037978 -19.0699294397 -1.13421592496
-3.42274360458 -19.112530836 -1.12220304805
10.7545578874 -17.8646594596 -1.18460935594
10.5623412038 -17.8997541002 -1.1837212525
-1.40846559931 -19.0926684202 -1.1307058475
-2.59891037931 -19.1105395238 -1.12566649702
5.63678989656 -18.6202064048 -1.16137683091
-9.65518019284 -18.8497713416 -1.09664338158
2.02038998739 -18.9418329227 -1.14545033423
-6.03075042556 -19.0626976333 -1.1113685196
