-39.9769253108 0.679235359107 0.0
-39.9769253108 -0.679235359107 0.0
-39.9921419194 0.396416666709 3.15544362088e-30
-39.9921419194 -0.396416666709 3.15544362088e-30
-38.7578188568 4.94548980034 0.0
-38.7578188568 -4.94548980034 0.0
-39.696372942 2.45957187583 3.15544362088e-30
-39.696372942 -2.45957187583 3.15544362088e-30
-39.6997660021 2.44584235897 0.0
-39.6997660021 -2.44584235897 0.0
-39.8292733678 1.84587262532 0.0
-39.8292733678 -1.84587262532 0.0
-39.4395665927 3.33618745654 3.15544362088e-30
-39.4395665927 -3.33618745654 3.15544362088e-30
-38.7193618654 5.02023447494 0.0
-38.7193618654 -5.02023447494 0.0
-38.5573537665 5.32283924522 0.0
-38.5573537665 -5.32283924522 0.0
-39.0080836429 4.42632495723 0.0
-39.0080836429 -4.42632495723 0.0
-39.646496887 2.65307767447 0.0
-39.646496887 -2.65307767447 0.0
-39.9972857304 0.232988303349 0.0
-39.9972857304 -0.232988303349 0.0
-39.2980741893 3.73032723136 0.0
-39.2980741893 -3.73032723136 0.0
-39.9873053 0.503838974125 0.0
-39.9873053 -0.503838974125 0.0
-39.8890021728 1.48891786676 0.0
-39.8890021728 -1.48891786676 0.0
-39.4648496916 3.26058425834 0.0
-39.4648496916 -3.26058425834 0.0
-39.5256327003 3.07100796335 0.0
-39.5256327003 -3.07100796335 0.0
-39.5982499854 2.82748112684 0.0
-39.5982499854 -2.82748112684 0.0
-39.4813387219 3.21029175971 -3.15544362088e-30
-39.4813387219 -3.21029175971 -3.15544362088e-30
-38.6385324111 5.17358224822 0.0
-38.6385324111 -5.17358224822 0.0
-39.0151244597 4.41078404019 0.0
-39.0151244597 -4.41078404019 0.0
-38.4405738018 5.52997029357 0.0
-38.4405738018 -5.52997029357 0.0
-39.9082452308 1.3538798506 0.0
-39.9082452308 -1.3538798506 0.0
-38.6188128605 5.21026134763 0.0
-38.6188128605 -5.21026134763 0.0
-39.7477195253 2.24269885055 0.0
-39.7477195253 -2.24269885055 0.0
-39.6270844652 2.72461817441 0.0
-39.6270844652 -2.72461817441 0.0
-39.9190358095 1.27186674221 0.0
-39.9190358095 -1.27186674221 0.0
-38.7837512199 4.89440091625 0.0
-38.7837512199 -4.89440091625 0.0
-39.9976902737 0.214926014085 0.0
-39.9976902737 -0.214926014085 0.0
-39.9282858968 1.19707824948 0.0
-39.9282858968 -1.19707824948 0.0
-38.2393838983 5.86833705323 0.0
-38.2393838983 -5.86833705323 0.0
-38.3285644812 5.72103890938 0.0
-38.3285644812 -5.72103890938 0.0
-39.82358763 1.87629077417 0.0
-39.82358763 -1.87629077417 0.0
-38.3464339342 5.69102373332 0.0
-38.3464339342 -5.69102373332 0.0
-39.9991653063 0.129204105004 0.0
-39.9991653063 -0.129204105004 0.0
-39.759482381 2.18995209951 0.0
-39.759482381 -2.18995209951 0.0
-38.4479855507 5.51707366031 0.0
-38.4479855507 -5.51707366031 0.0
-38.2344544996 5.87636131281 0.0
-38.2344544996 -5.87636131281 0.0
-39.7109746658 2.39992140964 0.0
-39.7109746658 -2.39992140964 0.0
-38.6437815793 5.16377152023 0.0
-38.6437815793 -5.16377152023 0.0
-39.9302204199 1.18083627323 0.0
-39.9302204199 -1.18083627323 0.0
-38.2791225089 5.80320557863 0.0
-38.2791225089 -5.80320557863 0.0
-39.3024840444 3.71869425817 0.0
-39.3024840444 -3.71869425817 0.0
-39.9970613738 0.242425999094 0.0
-39.9970613738 -0.242425999094 0.0
-38.8018920782 4.85832201353 0.0
-38.8018920782 -4.85832201353 0.0
-39.7817376727 2.08646517688 0.0
-39.7817376727 -2.08646517688 0.0
-39.8960747329 1.44076549993 0.0
-39.8960747329 -1.44076549993 0.0
-38.5134956285 5.40163527269 0.0
-38.5134956285 -5.40163527269 0.0
-39.5029076349 3.14325819773 0.0
-39.5029076349 -3.14325819773 0.0
-39.9696531817 0.77891343081 0.0
-39.9696531817 -0.77891343081 0.0
-39.8778006697 1.5621310565 3.15544362088e-30
-39.8778006697 -1.5621310565 3.15544362088e-30
-39.7980576995 2.00714992898 0.0
-39.7980576995 -2.00714992898 0.0
-39.9951302409 0.31207251196 0.0
-39.9951302409 -0.31207251196 0.0
-39.4781219279 3.22016649586 0.0
-39.4781219279 -3.22016649586 0.0
-38.1908410722 -5.94684071996 3.15544362088e-30
-38.1908410722 5.94684071996 3.15544362088e-30
-39.5396332599 -3.02561570902 0.0
-39.5396332599 3.02561570902 0.0
-39.5260164829 -3.06977283333 3.15544362088e-30
-39.5260164829 3.06977283333 3.15544362088e-30
-39.3390773578 -3.62066957324 0.0
-39.3390773578 3.62066957324 0.0
-39.8990487468 -1.42002720925 3.15544362088e-30
-39.8990487468 1.42002720925 3.15544362088e-30
-38.3823295639 -5.63020375396 0.0
-38.3823295639 5.63020375396 0.0
-38.4323663101 -5.54421364597 0.0
-38.4323663101 5.54421364597 0.0
-39.3464449082 -3.60059970992 3.15544362088e-30
-39.3464449082 3.60059970992 3.15544362088e-30
-39.7376260067 -2.2869783203 0.0
-39.7376260067 2.2869783203 0.0
-38.2181220692 -5.90286255783 0.0
-38.2181220692 5.90286255783 0.0
-39.5045503432 -3.13809266042 0.0
-39.5045503432 3.13809266042 0.0
-39.4693562834 -3.24691833041 0.0
-39.4693562834 3.24691833041 0.0
-38.7741209655 -4.91343930845 0.0
-38.7741209655 4.91343930845 0.0
-39.2013268718 -3.97668113801 -3.15544362088e-30
-39.2013268718 3.97668113801 -3.15544362088e-30
-39.579487914 -2.89240974219 0.0
-39.579487914 2.89240974219 0.0
