-5.16819581493 19.1022321866 -1.60378502257
-4.22214813562 19.2150686718 -1.59880382743
2.57377180932 19.6843184449 -1.56523618472
4.18598261288 19.7099637141 -1.55782879678
-5.75012689963 19.0268408482 -1.60688787244
-2.51428833876 19.3887842164 -1.5900060441
-0.882542212522 19.5193896036 -1.58182984754
7.64580014431 19.6550490565 -1.54264592681
-0.102562325808 19.5697901638 -1.57799965505
6.86460960672 19.6806162415 -1.54598861454
-4.33779705687 19.2019161955 -1.59940858982
-0.787183472935 19.5259667739 -1.58135888125
7.55028015959 19.6585899388 -1.54305196293
-7.62275106098 18.7526422812 -1.61707768564
-9.18110681665 18.4866370639 -1.62580284862
-0.456812940116 19.5478578199 -1.57973302887
7.21937952984 19.6699622133 -1.54446435594
-9.45657684231 18.435934422 -1.62736907809
1.32971409234 19.6422864174 -1.57109640452
5.43074909381 19.7075211537 -1.55225398197
0.123826544378 19.5829730109 -1.5768973253
6.63791541861 19.6865919436 -1.5469679989
0.183671886329 19.586349435 -1.57660663072
6.57799282168 19.6880632316 -1.54722758446
2.30014111364 19.6767378427 -1.56651434133
4.45971616735 19.711089978 -1.55659205935
-8.1137827776 18.6726006324 -1.61980245103
3.8631359983 19.7074309922 -1.55929524374
2.89653548761 19.6920553786 -1.56373634099
-3.78860590566 19.262796341 -1.59654694673
-8.21527087246 18.6556275929 -1.62036840339
-7.74124449512 18.7336413086 -1.61773317362
-3.44057605416 19.2993153307 -1.5947468621
-8.40838010544 18.6229225206 -1.62144793963
4.99944021417 19.7105639155 -1.55417139098
1.76070739858 19.6590457302 -1.56905192046
8.44692693208 19.6207859539 -1.53927012507
-1.68217115172 19.4596634465 -1.58580880278
-8.48683009704 18.6094824992 -1.62188749497
-5.32310742593 19.0826107998 -1.60460810258
-6.68764255628 18.8956523488 -1.6119498306
-4.26362788466 19.2103717187 -1.59902060467
-6.59454549011 18.9092215473 -1.61144365212
7.4463406845 19.662311496 -1.54349464144
-0.683415267701 19.5329923155 -1.58084723581
-7.42388037615 18.7840851554 -1.61598046299
7.69140796459 19.6533175654 -1.54245232214
-0.92807174224 19.5162084002 -1.58205497825
6.65857594999 19.68607417 -1.54687856527
0.103192983859 19.5817983765 -1.57699761956
-5.45578134006 19.0655481403 -1.60531470246
-7.78786192129 18.7261113257 -1.61799140895
-5.76410669066 19.0249731449 -1.60696277959
5.56177069093 19.706135059 -1.55167451413
1.19880307336 19.6367337879 -1.57172039996
-3.7742886571 19.2643301161 -1.59647269074
4.7012371189 19.7113052842 -1.55550591058
2.05873572071 19.6692712899 -1.56764702323
-4.77237768352 19.1508994286 -1.60169147672
-6.78232463043 18.8817287047 -1.61246542782
7.25912599389 19.6686694797 -1.54429422956
-0.496498065396 19.5453015763 -1.57992785514
-4.35250399422 19.2002308674 -1.59948557943
-8.58735171164 18.5921309826 -1.62245156242
-6.9369765068 18.8587177624 -1.61330933553
7.30477305745 19.66716017 -1.54409900694
-0.54207389824 19.5423411934 -1.58015176094
-2.45641152819 19.3940037368 -1.58971223131
7.79014160331 19.6494787068 -1.54203378594
-1.02663301201 19.5092311921 -1.58254292396
-8.8727320397 18.5420699946 -1.6240581388
-4.19130085462 19.2185468473 -1.59864271263
-8.14957757608 18.6666311267 -1.62000195262
-6.34033334255 18.9456627365 -1.61006543914
8.81990904922 19.6020406824 -1.53771657214
-2.05436690396 19.4290647084 -1.58767900904
7.04741243299 19.6753251375 -1.54520191878
-0.285103895785 19.5586875646 -1.57889155347
7.03440105756 19.6757156954 -1.54525782297
-0.27211156041 19.5594917608 -1.57882798223
-3.77840230082 19.2638897074 -1.59649402424
-3.05438902355 19.3379775744 -1.59276149355
-8.4276532313 18.619628899 -1.62155587347
-8.82521717485 18.5504873332 -1.62379011487
6.67526889624 19.6856518976 -1.5468063317
0.0865219543058 19.5808453868 -1.57707867855
-6.22146049301 18.9623971297 -1.60942295454
8.05673958958 19.6384942591 -1.54090768115
-1.2927458523 19.4897729688 -1.58386438728
5.23625989994 19.7091817998 -1.55311672258
1.52405178986 19.6501320923 -1.57017265938
-5.47089705009 19.0635890401 -1.60539530447
7.35674837735 19.6654095053 -1.5438769281
-0.593967089124 19.5389383032 -1.58040691148
-8.3206483713 18.6378474136 -1.62095706178
6.55655525952 19.6885786009 -1.5473205236
0.205082160393 19.5875463804 -1.57650270321
-5.18421203759 19.1002185574 -1.60387002291
-7.13041920479 18.8294650042 -1.61436796797
-2.72464693228 19.3694472403 -1.59107630963
3.54786690841 19.7036999412 -1.56073543325
3.21176366638 19.6983535819 -1.5622796774
-2.96730704202 19.3464261553 -1.59231555768
-9.35530861899 18.4547042171 -1.62679245439
5.86709327044 19.7020692152 -1.5503295905
0.893764808975 19.6229589978 -1.57317981157
-5.04498748266 19.1176068851 -1.6031318887
-8.17690600276 18.6620611826 -1.62015434738
5.32575165281 19.7084765658 -1.55271936122
1.43462786956 19.6465808654 -1.57059733556
-2.96999321589 19.3461670253 -1.59232930364
-8.19924220367 18.6583180894 -1.62027895507
7.88394519158 19.6457168271 -1.54163689275
-1.12026918312 19.5024877277 -1.58300723267
4.71519670956 19.7112954142 -1.55544327741
2.04478352023 19.66881743 -1.56771263227
5.12240856033 19.7099339453 -1.55362318662
1.63782145497 19.6545049814 -1.56963330666
7.76420040166 19.650499315 -1.54214367403
-1.00073748048 19.5110763617 -1.58241464543
7.98576895172 19.6415066988 -1.54120688689
-1.22190717763 19.4950411544 -1.58351204262
-6.31297002452 18.9495320659 -1.60991743385
8.84328923007 19.6008063215 -1.53761957346
-2.07769590162 19.4270873494 -1.58779661816
4.09698776497 19.7093956773 -1.55823218842
2.66273964888 19.686581242 -1.56482191737
-8.20413683315 18.6574968917 -1.62030626711
4.53908236174 19.7112412448 -1.55623461757
2.22081032738 19.6743647332 -1.56688604124
-3.50978452793 19.2921801328 -1.59510399972
7.84020172234 19.6474850193 -1.54182188585
-1.07660422893 19.5056463165 -1.58279062314
8.97280544336 19.593841506 -1.5370830662
-2.20692453563 19.4160067066 -1.58844892781
7.04288083369 19.6754614037 -1.5452213875
-0.280578935493 19.5589678926 -1.57886941135
-8.87733511731 18.5412527991 -1.62408411541
-5.10068109127 19.1106824173 -1.60342695912
-8.47360310311 18.6117547797 -1.62181334364
-8.5780096785 18.5937497287 -1.62239910044
-8.92997461068 18.5318855528 -1.62438131957
-7.9050129174 18.7070517005 -1.61864124818
-3.99788581118 19.2400677271 -1.59763437528
6.96722387044 19.6776981013 -1.54554667476
-0.205031592005 19.5636097813 -1.57849998242
3.70115361382 19.7056692429 -1.56003419271
3.05849190595 19.6954464901 -1.56298693597
-8.63551316258 18.5837656838 -1.62272215271
6.2183308477 19.6959437309 -1.54879181188
0.542900449485 19.6056652512 -1.57486787748
-4.42831268506 19.1914979803 -1.59988272798
3.6233570054 19.7047064921 -1.56038985053
3.13627975949 19.6969586051 -1.56262775274
4.79889098213 19.7111850908 -1.55506809421
1.96113518504 19.6660452051 -1.56810631354
-9.37724555163 18.4506511622 -1.62691728013
-9.18506128005 18.4859171412 -1.62582528091
3.97506097699 19.7084566424 -1.55878589581
2.78463455811 19.6895206535 -1.56425537305
-4.26017701802 19.2107633486 -1.59900256444
7.40693893284 19.6636864922 -1.54366268581
-0.644077301349 19.5356198162 -1.58065350638
