6.54490872037 -18.5124858135 -1.16543843641
-9.61703619311 -18.8528991365 -1.09679630174
5.59875704442 -18.6244777761 -1.1612072818
-2.80983357885 -19.1118578842 -1.12477789395
-1.19759790856 -19.0876548039 -1.13160275533
7.12690924591 -18.4376138489 -1.16805494445
-7.904614237 -18.9737414643 -1.10370666927
3.89073691987 -18.7966682012 -1.15363834989
-6.26960395042 -19.0538463031 -1.11038614842
2.25886994744 -18.9258158035 -1.14648859498
-5.48843610022 -19.0801129774 -1.1136051782
1.47884329388 -18.9755193218 -1.14309882912
-9.73303704136 -18.8433276467 -1.09633138909
5.71441809249 -18.6114285493 -1.16172303244
-6.17408711891 -19.0574727228 -1.11077879526
2.16350511054 -18.9323077623 -1.14607320801
8.99978574904 -18.1650860325 -1.17654784994
10.5583860787 -17.9004704973 -1.18370299177
-5.8431965951 -19.0691413003 -1.11214107283
1.83311427235 -18.953903577 -1.14463617174
10.8339027031 -17.8500134429 -1.18497632292
-4.05459892291 -19.1083014295 -1.11955998749
0.0464993328704 -19.0467352378 -1.13692061758
-5.26174717588 -19.0862916389 -1.11454265167
1.25244217157 -18.9884998268 -1.14211829717
-5.20182587133 -19.0878165736 -1.1147907068
1.19259368994 -18.9918227603 -1.1418593469
-3.08356840411 -19.1127392241 -1.12362658719
-0.92396004115 -19.0803189176 -1.13276856809
9.49089107809 -18.0854823348 -1.1787936688
-1.5203689448 -19.095103059 -1.13023039826
-2.48698436432 -19.1096140086 -1.12613855464
5.16517079649 -18.6718183571 -1.15927749889
-9.18222350889 -18.8872032059 -1.09854259574
9.59239478034 -18.0685998049 -1.17925883685
9.11829665963 -18.1461907499 -1.17708907285
4.81710725012 -18.7080265761 -1.15773250248
-8.83322934026 -18.9129471087 -1.09994836042
9.78553408478 -18.0360669446 -1.18014489496
-0.384509675561 -19.0631091872 -1.13507320285
-3.62329244532 -19.1117301927 -1.12136289743
3.05855419695 -18.8668041033 -1.14998239922
-7.07070011793 -19.0188657155 -1.10710358327
9.86399643332 -18.022696881 -1.18050520886
6.69983840713 -18.4930026934 -1.16613392104
8.06454567043 -18.3072619079 -1.17229276824
5.6402411243 -18.6198178558 -1.16139221856
-9.65864153503 -18.8494865649 -1.09662950717
7.97143611631 -18.3207480444 -1.17187069015
2.05973039065 -18.9392405755 -1.14562149372
-6.0701509548 -19.0612873547 -1.11120635564
8.80088614167 -18.1963515165 -1.17564053556
2.30440242575 -18.922675284 -1.14668701832
-6.31521022782 -19.0520739699 -1.11019876627
1.2730768242 -18.9873436347 -1.14220760272
-5.28240725206 -19.0857553684 -1.11445714978
6.83252803804 -18.4760584477 -1.16673016521
9.16492101132 -18.1387023462 -1.17730212609
7.14089075684 -18.4357586215 -1.16811793202
0.177415543765 -19.0412996513 -1.1374828256
-4.18561936815 -19.1067980683 -1.11901337413
5.15085213302 -18.6733393482 -1.15921386804
-9.16786561663 -18.8882937011 -1.09860035752
-0.682547609135 -19.0730682468 -1.13379888609
-3.32508976523 -19.1127384148 -1.12261256623
6.14904574517 -18.5607997408 -1.16366478504
8.15924055799 -18.2934227378 -1.172722318
1.87280176969 -18.9513827987 -1.14480862314
-5.88294191224 -19.0678129773 -1.11197727194
5.72912658365 -18.6097563511 -1.16178864934
-9.74778912727 -18.8420977143 -1.09627229447
9.96453400049 -18.0054350022 -1.18096719709
8.31391360887 -18.2705497691 -1.17342455732
1.91838034927 -18.9484631452 -1.14500672973
-5.92858763609 -19.0662627942 -1.1117892109
3.83285528625 -18.8018360256 -1.15338339482
-7.84660347952 -18.9771694978 -1.10394230594
2.40297016141 -18.9157861458 -1.14711677027
-6.41394044373 -19.0481466928 -1.10979332322
10.2499603493 -17.9556284813 -1.18228063098
5.56790655625 -18.627928411 -1.161069784
-9.58609597079 -18.8554221617 -1.09692037428
9.52669136586 -18.0795447521 -1.17895769427
7.71719042764 -18.3569624121 -1.17071957201
3.43077825261 -18.8365378665 -1.15161510426
-7.44366542525 -18.9997863531 -1.10558177796
1.66139517544 -18.9645798663 -1.14389054507
-5.67123424997 -19.0746582016 -1.11285030679
1.64840209336 -18.9653724511 -1.14383416261
-5.65822322015 -19.0750604094 -1.11290400406
5.15496618302 -18.6729026126 -1.15923214987
-9.17199092957 -18.8879806558 -1.09858376075
4.43088453151 -18.7463439435 -1.15602242237
-8.44602985436 -18.9396537668 -1.10151230496
9.80481023889 -18.0327905099 -1.18023339565
10.2024377469 -17.9640034534 -1.18206175806
1.28974873973 -18.9864055456 -1.14227976687
-5.29909982695 -19.0853181511 -1.1143880765
7.59830217359 -18.3735907351 -1.17018200259
2.66910102621 -18.8965656981 -1.14827852403
-6.68052862201 -19.0369234889 -1.10869998879
-0.147845708906 -19.0544071551 -1.13608693784
-3.86011107603 -19.1101361396 -1.12037230195
6.84764555254 -18.4741128382 -1.16679813109
1.97027669703 -18.9451066293 -1.14523237071
-5.98056140117 -19.0644655892 -1.11157515244
9.69778862793 -18.0509136009 -1.17974219448
1.17118230268 -18.9930005686 -1.1417667303
-5.18038876147 -19.0883511351 -1.11487947501
6.56092679815 -18.5104864799 -1.16551030741
8.50738322225 -18.2414695833 -1.1743040249
4.10111337794 -18.7775191124 -1.15456585496
-8.11547100548 -18.9609159805 -1.10285102413
-1.83560315948 -19.1011193007 -1.12889299304
-2.17171158556 -19.1061650018 -1.12747019024
4.34379474898 -18.7547147528 -1.15563743702
-8.35872791181 -18.9454065861 -1.10186554875
10.7326172299 -17.8686929575 -1.1845079192
0.482466670737 -19.0277975702 -1.13879477318
-4.49093849928 -19.1024589407 -1.11774152303
6.42168622291 -18.5277505379 -1.16488582031
9.55402399478 -18.0749991802 -1.17908295223
-0.0584184630558 -19.0509358833 -1.13647041672
-3.94960226295 -19.1093508133 -1.11999838939
4.34648116213 -18.7544580218 -1.15564930904
-8.36142082493 -18.9452306102 -1.10185464919
9.57636363758 -18.0712760068 -1.1791853471
2.49661258036 -18.9091263485 -1.14752531349
-6.50774067523 -19.0443008076 -1.10940839056
-0.668594981411 -19.0726268635 -1.13385848574
-3.33904935916 -19.1127160532 -1.1225540088
-0.26161947223 -19.0586783185 -1.13559939244
-3.74626032382 -19.1109901758 -1.12084832893
2.37707292008 -18.9176081766 -1.14700383144
-6.38800015234 -19.0491905321 -1.10989982127
2.59825747259 -18.9017705899 -1.14796906294
-6.60956067584 -19.0399994891 -1.10899083933
7.68982354789 -18.3608073255 -1.17059578911
3.45410907866 -18.8345813474 -1.15171757878
-7.46704449815 -18.9985310488 -1.10548652172
-1.2865678953 -19.0898380308 -1.13122417224
-2.72083813321 -19.1113694722 -1.12515266809
9.58125902217 -18.0704591741 -1.17920778756
-0.844627015347 -19.0780167529 -1.13310696539
-3.1629348067 -19.1128194747 -1.12329318344
4.88632230837 -18.7009531796 -1.1580394435
-8.9026256487 -18.9079545632 -1.0996685365
2.45294469989 -18.9122459215 -1.14733476702
-6.46399878407 -19.0461081743 -1.10958786418
3.58334795723 -18.8236161429 -1.1522855206
-7.59655445777 -18.9914502137 -1.10495913673
1.65686995486 -18.9648561502 -1.14387090767
-5.66670277127 -19.0747985252 -1.1128690079
10.2545641781 -17.9548153901 -1.1823018387
6.47738621142 -18.5208757819 -1.16513555961
9.85076735026 -18.0249573665 -1.180444444
9.95519047915 -18.0070454179 -1.18092424766
10.3072122821 -17.9454950788 -1.18254441512
9.28208953632 -18.1197472087 -1.17783785131
5.3744716665 -18.6492766043 -1.1602083268
-9.39210707807 -18.8709543015 -1.0976989463
1.58131830088 -18.9694305205 -1.14354313652
-5.59104778633 -19.0771029628 -1.11318131956
-1.68232860618 -19.0983493084 -1.12954291333
-2.32500022646 -19.1079971738 -1.12682237762
10.012703142 -17.9971126494 -1.18118866291
0.83334715046 -19.010817476 -1.1403071703
-4.84217078551 -19.0960190496 -1.11628176019
5.80494332551 -18.6010911428 -1.16212698524
-9.82383195501 -18.8357122406 -1.0959677836
-1.76011791072 -19.0997918439 -1.12921298347
-2.2472026693 -19.1071040202 -1.12715107279
-0.584944037978 -19.0699294397 -1.13421592496
-3.42274360458 -19.112530836 -1.12220304805
10.7545578874 -17.8646594596 -1.18460935594
10.5623412038 -17.8997541002 -1.1837212525
-1.40846559931 -19.0926684202 -1.1307058475
-2.59891037931 -19.1105395238 -1.12566649702
5.63678989656 -18.6202064048 -1.16137683091
-9.65518019284 -18.8497713416 -1.09664338158
2.02038998739 -18.9418329227 -1.14545033423
-6.03075042556 -19.0626976333 -1.1113685196
