-32.0039956208 11.9973357907 1.57772181044e-30
-39.9769253108 0.679235359107 0.0
-39.9769253108 -0.679235359107 0.0
-39.9921419194 0.396416666709 3.15544362088e-30
-39.9921419194 -0.396416666709 3.15544362088e-30
-33.6656615738 10.8007318131 0.0
-28.275409526 14.1465650966 0.0
-34.8478828539 9.81866921487 0.0
-38.7578188568 4.94548980034 0.0
-39.696372942 2.45957187583 3.15544362088e-30
-39.696372942 -2.45957187583 3.15544362088e-30
-22.618520551 16.4954730766 0.0
-26.4404889736 15.0075026473 0.0
-32.4522859136 11.6924028645 0.0
-25.6953166254 15.3276767933 0.0
-37.3034287546 7.21897158794 0.0
-39.6997660021 2.44584235897 0.0
-39.6997660021 -2.44584235897 0.0
-39.8292733678 1.84587262532 0.0
-39.8292733678 -1.84587262532 0.0
-39.4395665927 3.33618745654 3.15544362088e-30
-39.4395665927 -3.33618745654 3.15544362088e-30
-21.3038248944 16.9273967643 1.57772181044e-30
-38.7193618654 5.02023447494 0.0
-26.1661731928 15.1272219892 1.57772181044e-30
-38.5573537665 5.32283924522 0.0
-26.3681012116 15.0393088147 0.0
-39.0080836429 4.42632495723 0.0
-39.646496887 2.65307767447 0.0
-39.646496887 -2.65307767447 0.0
-39.9972857304 0.232988303349 0.0
-39.9972857304 -0.232988303349 0.0
-39.2980741893 3.73032723136 0.0
-39.2980741893 -3.73032723136 0.0
-28.3273941217 14.1205412633 0.0
-28.132209735 14.2177598044 0.0
-39.9873053 0.503838974125 0.0
-39.9873053 -0.503838974125 0.0
-39.8890021728 1.48891786676 0.0
-39.8890021728 -1.48891786676 0.0
-22.0882454555 16.6741522475 0.0
-30.2167913262 13.1048227949 1.57772181044e-30
-39.4648496916 3.26058425834 0.0
-39.4648496916 -3.26058425834 0.0
-32.0495921099 11.9668672341 0.0
-22.673996199 16.4764217624 1.57772181044e-30
-16.5110658678 18.2166455742 0.0
-34.0030991692 10.5331529811 3.15544362088e-30
-25.219924306 15.5238157197 0.0
-22.1720330932 16.6463280374 -1.57772181044e-30
-39.5256327003 3.07100796335 0.0
-39.5256327003 -3.07100796335 0.0
-37.4079546821 7.08245943333 0.0
-18.8118371577 17.6501755144 1.57772181044e-30
-34.2940788359 10.2946121442 0.0
-35.4444274541 9.26947358876 3.15544362088e-30
-32.4081529056 11.7229649113 3.15544362088e-30
-39.5982499854 2.82748112684 0.0
-39.5982499854 -2.82748112684 0.0
-39.4813387219 3.21029175971 -3.15544362088e-30
-39.4813387219 -3.21029175971 -3.15544362088e-30
-21.082733838 16.9964579686 0.0
-36.3401843011 8.35749670895 0.0
-37.9286379051 6.35252758084 3.15544362088e-30
-31.4478011622 12.3595691881 1.57772181044e-30
-34.6877110502 9.95945156747 3.15544362088e-30
-23.9001926508 16.0373064388 -1.57772181044e-30
-24.3668422783 15.8607770726 1.57772181044e-30
-38.6385324111 5.17358224822 0.0
-39.0151244597 4.41078404019 0.0
-25.0941073087 15.5747052812 0.0
-32.9620355988 11.3303156309 0.0
-25.2351521368 15.5176278522 0.0
-28.0706818192 14.2481298966 0.0
-23.6432208616 16.1322511393 0.0
-15.9550811554 18.3400885039 0.0
-38.4405738018 5.52997029357 0.0
-33.0872189444 11.2387270468 0.0
-37.0133641016 7.58305475853 3.15544362088e-30
-30.4579517588 12.9645012887 0.0
-33.8235388336 10.6767061959 0.0
-39.9082452308 1.3538798506 0.0
-39.9082452308 -1.3538798506 0.0
-30.4097416317 12.9927635041 0.0
-18.8872139049 17.630039357 0.0
-38.6188128605 5.21026134763 0.0
-30.0687221739 13.1896924417 0.0
-39.7477195253 2.24269885055 0.0
-39.7477195253 -2.24269885055 0.0
-36.8399367326 7.7913262917 3.15544362088e-30
-20.9587334456 17.0347548585 1.57772181044e-30
-17.0802479516 18.0849739419 0.0
-14.348332747 18.6689939966 0.0
-27.990650227 14.2874376628 0.0
-27.7093329047 14.4238766458 0.0
-39.6270844652 2.72461817441 0.0
-39.6270844652 -2.72461817441 0.0
-19.4302930502 17.4818742701 0.0
-29.1023105106 13.7209285668 -1.57772181044e-30
-32.6893897618 11.5260986136 0.0
-26.1646351811 15.1278870454 0.0
-39.9190358095 1.27186674221 0.0
-39.9190358095 -1.27186674221 0.0
-28.7853987412 13.8870516967 -1.57772181044e-30
-38.7837512199 4.89440091625 0.0
-25.3531420647 15.4694714474 -1.57772181044e-30
-17.4988198253 17.9846552978 0.0
-36.7716411242 7.87156923739 0.0
-18.1829357113 17.8141857021 0.0
-39.9976902737 0.214926014085 0.0
-39.9976902737 -0.214926014085 0.0
-23.2760566546 16.2651866467 0.0
-36.3675017409 8.32773704444 0.0
-33.5255414101 10.909148376 0.0
-39.9282858968 1.19707824948 0.0
-39.9282858968 -1.19707824948 0.0
-38.2393838983 5.86833705323 0.0
-20.1367394334 17.280854471 0.0
-34.1947236168 10.3769079784 0.0
-35.7732945019 8.94806404311 0.0
-27.77359088 14.3929466201 0.0
-35.6694156254 9.05114342148 0.0
-38.0518357204 6.16558590709 0.0
-37.3218089127 7.19518205964 0.0
-38.3285644812 5.72103890938 0.0
-39.82358763 1.87629077417 0.0
-39.82358763 -1.87629077417 0.0
-31.7249563134 12.181206292 -1.57772181044e-30
-20.8258235992 17.0754580569 -1.57772181044e-30
-35.0886268534 9.60193034689 0.0
-18.2665535513 17.7927866097 0.0
-32.3652347046 11.7525697458 0.0
-32.7479880886 11.4844381246 3.15544362088e-30
-38.3464339342 5.69102373332 0.0
-37.6240524095 6.79026288676 0.0
-35.5098019285 9.20670906189 -3.15544362088e-30
-17.3275626915 18.0260614887 0.0
-39.9991653063 0.129204105004 0.0
-39.9991653063 -0.129204105004 0.0
-39.759482381 2.18995209951 0.0
-39.759482381 -2.18995209951 0.0
-38.4479855507 5.51707366031 0.0
-38.2344544996 5.87636131281 0.0
-32.3314862491 11.7757695813 0.0
-39.7109746658 2.39992140964 0.0
-39.7109746658 -2.39992140964 0.0
-29.9619254796 13.2503115205 1.57772181044e-30
-28.649689831 13.957034719 0.0
-28.379186899 14.094518003 0.0
-37.8098335077 6.52718335351 0.0
-22.6232086264 16.4938657646 0.0
-38.6437815793 5.16377152023 0.0
-32.4185653813 11.7157652185 0.0
-38.0769372794 6.12672113409 0.0
-31.1924793928 12.5202758489 0.0
-39.9302204199 1.18083627323 0.0
-39.9302204199 -1.18083627323 0.0
-32.9530724495 11.3368317459 0.0
-37.7701365956 6.58439028208 0.0
-25.9753007626 15.2092385599 0.0
-36.5424303936 8.13404544071 0.0
-37.0998485916 7.47665089602 0.0
-32.6837942412 11.5300649824 0.0
-29.4823988087 13.5165469008 0.0
-25.4719928785 15.4205834747 0.0
-36.3502975007 8.34649434804 -3.15544362088e-30
-33.1306298639 11.2067096512 0.0
-35.6634230636 9.05704498426 0.0
-13.1405001272 18.8899924326 0.0
-25.48646207 15.4146055022 0.0
-11.0163976113 19.2265375436 0.0
-38.2791225089 5.80320557863 0.0
-34.1529723861 10.4112256386 0.0
-20.3053700766 17.2314534069 0.0
-37.3795194751 7.11989332457 0.0
-15.3428127053 18.4702334737 -1.57772181044e-30
-39.3024840444 3.71869425817 0.0
-39.3024840444 -3.71869425817 0.0
-28.2834559835 14.142543244 0.0
-39.9970613738 0.242425999094 0.0
-39.9970613738 -0.242425999094 0.0
-31.748371877 12.1659451252 1.57772181044e-30
-22.3736281508 16.5787572165 0.0
-12.5788106278 18.9853464756 0.0
-35.6178122473 9.10180546256 0.0
-38.8018920782 4.85832201353 0.0
-26.2414904227 15.0945700535 0.0
-39.7817376727 2.08646517688 0.0
-39.7817376727 -2.08646517688 0.0
-17.3725848746 18.015224775 1.57772181044e-30
-19.4947512432 17.4639247734 0.0
-35.8483625023 8.87263920582 0.0
-39.8960747329 1.44076549993 0.0
-39.8960747329 -1.44076549993 0.0
-38.5134956285 5.40163527269 0.0
-20.1556665593 17.2753372293 0.0
-29.8132140094 13.3339066896 0.0
-32.826837795 11.4280217052 0.0
-30.524463185 12.9253350756 0.0
-39.5029076349 3.14325819773 0.0
-39.5029076349 -3.14325819773 0.0
-39.9696531817 0.77891343081 0.0
-39.9696531817 -0.77891343081 0.0
-12.8550565089 18.9390306124 1.57772181044e-30
-34.3505720748 10.2474167249 0.0
-39.8778006697 1.5621310565 3.15544362088e-30
-39.8778006697 -1.5621310565 3.15544362088e-30
-37.435940815 7.04539451159 0.0
-30.3994714911 12.9987704521 0.0
-33.9230397699 10.5974923068 0.0
-35.338319927 9.37020737142 3.15544362088e-30
-18.0940789413 17.8367899807 0.0
-35.5759410354 9.14265305376 0.0
-19.7089098599 17.4037271305 1.57772181044e-30
-39.7980576995 2.00714992898 0.0
-39.7980576995 -2.00714992898 0.0
-39.9951302409 0.31207251196 0.0
-39.9951302409 -0.31207251196 0.0
-23.7298028725 16.1004383142 0.0
-33.7529244977 10.7324285212 -3.15544362088e-30
-39.4781219279 3.22016649586 0.0
-39.4781219279 -3.22016649586 0.0
-38.1908410722 5.94684071996 3.15544362088e-30
-39.5396332599 -3.02561570902 0.0
-39.5396332599 3.02561570902 0.0
-29.2565445412 13.6386821349 0.0
-11.5086475933 19.154314335 1.57772181044e-30
-14.4165765321 18.65584574 -1.57772181044e-30
-19.2221013257 17.5393188339 0.0
-24.9759128026 15.6221299738 0.0
-30.9327825074 12.6803289227 0.0
-33.8266451181 10.6742456414 0.0
-29.0392616874 13.7542837023 0.0
-18.301432307 17.7838239386 0.0
-18.4125610315 17.755123178 1.57772181044e-30
-16.5933012381 18.1979556134 0.0
-34.7626316858 9.89393044086 0.0
-16.6291733101 18.1897676938 1.57772181044e-30
-30.7579568967 12.786204358 1.57772181044e-30
-17.1670600936 18.0644128589 0.0
-24.6198241399 15.7628063754 0.0
-23.7345718724 16.0986808313 -1.57772181044e-30
-15.2851733497 18.4821770611 1.57772181044e-30
-11.6103943314 19.1389572827 1.57772181044e-30
-31.2084322403 12.5103333 0.0
-27.8278362085 14.3667283328 0.0
-34.3223691501 10.2710147493 0.0
-34.3360108288 10.2596096462 0.0
-14.9109350544 18.5584483174 1.57772181044e-30
-11.1351800233 19.2094232465 0.0
-24.6867592662 15.7366126988 0.0
-16.1942908669 18.2875978693 1.57772181044e-30
-18.7746719752 17.6600657716 0.0
-39.5260164829 -3.06977283333 3.15544362088e-30
-39.5260164829 3.06977283333 3.15544362088e-30
-39.3390773578 -3.62066957324 0.0
-39.3390773578 3.62066957324 0.0
-39.8990487468 -1.42002720925 3.15544362088e-30
-39.8990487468 1.42002720925 3.15544362088e-30
-28.4728877242 14.0471942451 0.0
-27.3027177591 14.6164428211 0.0
-37.507514248 6.94957507577 0.0
-11.8040022246 19.1093271172 0.0
-29.7668922123 13.3597541895 0.0
-38.3823295639 5.63020375396 0.0
-37.0736505699 7.50906840792 0.0
-37.9771724305 6.27961730881 0.0
-28.5381501783 14.0140463857 1.57772181044e-30
-30.0372195904 13.2076250636 0.0
-17.9691682984 17.8683308584 0.0
-11.8826572443 19.0971362828 0.0
-35.7520403999 8.96927543397 -3.15544362088e-30
-20.211052314 17.2591523862 0.0
-27.2233375584 14.6534116521 0.0
-20.8439073131 17.0699408898 0.0
-35.1866972816 9.51178656212 0.0
-32.4007234085 11.7280979128 0.0
-10.0791191638 19.3546593672 1.57772181044e-30
-19.9055438428 17.3476895027 0.0
-17.7597033333 17.9206092078 0.0
-19.47297271 17.4699980956 0.0
-36.2143589783 8.49294124244 0.0
-10.8170490495 19.2548140075 1.57772181044e-30
-19.0680968343 17.5812946275 -1.57772181044e-30
-35.0379039593 9.64812528601 0.0
-35.5257137904 9.1913500053 0.0
-11.1819120095 19.202635521 0.0
-18.3585633888 17.7690964198 0.0
-21.7359690617 16.789488147 0.0
-27.6832087574 14.4364118888 0.0
-25.8312486795 15.2704501543 0.0
-24.2169394571 15.9180702609 0.0
-10.1740120828 19.3422431361 0.0
-19.7902581208 17.3806335005 1.57772181044e-30
-38.4323663101 5.54421364597 0.0
-27.8027703895 14.3788556452 0.0
-11.9834436455 19.0813854214 1.57772181044e-30
-10.3290126248 19.3216944016 1.57772181044e-30
-27.6870861148 14.4345528375 0.0
-36.4697812367 8.21515454129 0.0
-23.1198459101 16.3207898483 0.0
-12.2695884509 19.0358687695 0.0
-31.915256271 12.0562889933 0.0
-26.725400624 14.8808010662 0.0
-33.0931644337 11.2343498673 0.0
-11.5445333462 19.1489147853 -1.57772181044e-30
-24.6476782733 15.7519201666 0.0
-16.8711557067 18.1339743653 0.0
-35.3570669692 9.35251056312 3.15544362088e-30
-28.7777922166 13.8909923614 0.0
-31.2080079953 12.5105978771 1.57772181044e-30
-14.4100087796 18.6571142394 0.0
-33.3866261803 11.0151394941 0.0
-30.3367229249 13.0353676797 1.57772181044e-30
-39.3464449082 -3.60059970992 3.15544362088e-30
-39.3464449082 3.60059970992 3.15544362088e-30
-30.2550083262 13.0827603278 0.0
-35.7669096023 8.95444271718 3.15544362088e-30
-26.1723043884 15.1245701013 0.0
-20.1710753237 17.2708404564 0.0
-25.8749757266 15.2519312806 1.57772181044e-30
-35.1463520252 9.54900438948 0.0
-31.645765224 12.2325952213 0.0
-25.1229233065 15.5630871338 -1.57772181044e-30
-21.7679828882 16.7791158958 0.0
-25.0385105693 15.5970589253 0.0
-33.2486726446 11.1189676609 0.0
-27.9669282415 14.2990465131 0.0
-16.6920433436 18.175365808 0.0
-34.7373582668 9.91609727466 0.0
-20.971717253 17.0307594917 0.0
-11.8233255892 19.1063403875 -1.57772181044e-30
-39.7376260067 -2.2869783203 0.0
-39.7376260067 2.2869783203 0.0
-29.9704972919 13.2454642432 1.57772181044e-30
-17.5976064738 17.9605417958 0.0
-16.9925732203 18.1056100101 0.0
-23.1922965142 16.2950712057 0.0
-18.9514264984 17.6128038205 0.0
-14.0649674575 18.7228249099 1.57772181044e-30
-18.5588846461 17.7169960821 0.0
-20.5272668666 17.1656001569 0.0
-30.2820876202 13.0670881355 0.0
-34.810529273 9.85173908164 0.0
-12.2219449909 19.0435294827 0.0
-29.1067931104 13.7185512612 1.57772181044e-30
-37.6915477302 6.69602922824 0.0
-34.4134579585 10.1945317615 0.0
-23.4272998032 16.2108113919 0.0
-29.4439379781 13.5374897631 1.57772181044e-30
-18.6241230932 17.6998731564 -1.57772181044e-30
-19.7942839569 17.3794873531 0.0
-17.6222609119 17.9544974892 -1.57772181044e-30
-26.7040930533 14.8903610954 0.0
-33.5334084137 10.9031018541 0.0
-31.9593830243 12.0270303557 1.57772181044e-30
-38.2181220692 5.90286255783 0.0
-27.1934549553 14.6672765672 0.0
-24.6861541367 15.7368500179 0.0
-35.2513612756 9.45173963108 0.0
-24.3822827125 15.8548438161 0.0
-11.7160428821 19.1228550378 0.0
-10.5228989332 19.2955214884 1.57772181044e-30
-31.0577794967 12.6037130713 0.0
-19.8859287093 17.3533126475 0.0
-39.5045503432 -3.13809266042 0.0
-39.5045503432 3.13809266042 0.0
-39.4693562834 -3.24691833041 0.0
-39.4693562834 3.24691833041 0.0
-36.9075497431 7.71091388816 0.0
-28.6234347891 13.9704955252 0.0
-22.3195306854 16.5969767577 0.0
-18.4636973159 17.7418423608 1.57772181044e-30
-31.2066040196 12.5114733901 -1.57772181044e-30
-18.5081458276 17.7302604185 0.0
-17.5529314246 17.9714676529 0.0
-16.6175360405 18.1924262809 0.0
-14.3398214693 18.6706288072 0.0
-12.7535009863 18.9561877272 0.0
-13.9329492291 18.7474860033 1.57772181044e-30
-17.3350843913 18.024253446 1.57772181044e-30
-32.2055955492 11.861699028 0.0
-36.6593341689 8.00145640324 0.0
-38.1315796672 6.04116363138 0.0
-11.5719314115 19.1447799896 0.0
-35.4576941273 9.25678031466 3.15544362088e-30
-14.7989709904 18.5808399812 0.0
-33.2129657804 11.1456146541 0.0
-33.685927403 10.7849234467 0.0
-37.7176249313 6.65921860176 0.0
-26.4858577677 14.9874892686 0.0
-18.9095237421 17.6240596334 0.0
-11.5943246567 19.1413925549 1.57772181044e-30
-35.7961626466 8.92517142386 0.0
-17.8025206019 17.9099850657 0.0
-28.7869331678 13.8862565041 1.57772181044e-30
-31.3993884866 12.3903026867 0.0
-21.1771689036 16.9670822273 0.0
-33.6105607734 10.8435488252 0.0
-14.8756741849 18.5655212528 0.0
-15.7161117663 18.3916001951 0.0
-32.2820455029 11.8096310077 3.15544362088e-30
-29.1423233674 13.6996805506 0.0
-15.887785813 18.3546878342 0.0
-35.4949270033 9.22103786228 -3.15544362088e-30
-11.5992318018 19.1406492942 0.0
-32.0652656082 11.956365893 0.0
-21.9158800472 16.7309160072 0.0
-13.432351896 18.8386034683 0.0
-18.1100394761 17.8327400459 1.57772181044e-30
-32.0929052952 11.9378120872 0.0
-15.1463064944 18.5107360711 1.57772181044e-30
-27.3087301295 14.6136345472 0.0
-18.8358448622 17.6437733232 0.0
-14.8592183033 18.5688154672 1.57772181044e-30
-24.0644062369 15.9757969478 0.0
-38.7741209655 4.91343930845 0.0
-12.2742040143 19.0351248736 -1.57772181044e-30
-30.3015179627 13.0558225436 0.0
-38.0855121548 6.1133821226 0.0
-17.1423734709 18.070272769 1.57772181044e-30
-16.6012326544 18.1961470809 0.0
-11.8693955824 19.0991979446 1.57772181044e-30
-16.9177926611 18.1231088081 0.0
-15.4705533746 18.4435759703 0.0
-37.1517098666 7.41199119649 0.0
-14.2874291804 18.6806675966 0.0
-30.6697822474 12.8390464687 0.0
-19.1235440146 17.5662322676 1.57772181044e-30
-14.6975621695 18.6009520339 0.0
-20.8376443463 17.0718524046 0.0
-36.1927024541 8.5159892125 0.0
-18.6126845747 17.7028809302 -1.57772181044e-30
-11.9740769059 19.0828554091 -1.57772181044e-30
-12.3269866426 19.0265958615 1.57772181044e-30
-31.2420448499 12.4893417921 1.57772181044e-30
-27.2918110476 14.6215342025 0.0
-37.9806766045 6.27431678876 0.0
-32.8493807342 11.4118160844 0.0
-35.6669137008 9.05360794189 0.0
-11.2993530743 19.1854412257 0.0
-32.0104968005 11.992998943 1.57772181044e-30
-21.1953220835 16.9614144588 0.0
-21.5075193216 16.8628779619 0.0
-39.2013268718 3.97668113801 -3.15544362088e-30
-19.4357273768 17.4803639932 0.0
-28.2853279091 14.1416072732 0.0
-12.0317327871 19.0737870266 0.0
-22.6545752996 16.4830990563 1.57772181044e-30
-18.5225796071 17.7264917898 0.0
-36.0574461002 8.65824146019 3.15544362088e-30
-32.3873067178 11.7373587698 0.0
-27.2449323798 14.6433744371 1.57772181044e-30
-34.2896177049 10.2983265346 0.0
-34.2805214915 10.305894506 -3.15544362088e-30
-39.579487914 -2.89240974219 0.0
-39.579487914 2.89240974219 0.0
-12.7754999488 18.952484013 1.57772181044e-30
-12.5827761025 18.9846895257 1.57772181044e-30
-32.1590164401 11.893250834 0.0
-24.3700380846 15.8595495188 0.0
-26.262726072 15.085334097 1.57772181044e-30
-34.9745892685 9.70538646191 3.15544362088e-30
