31.4972013876 17.5395033994 -3.91563219041
39.7567950364 6.42963001083 -4.04536757496
39.7916383481 5.07160625608 -4.04571020767
39.7792587061 6.1472946726 -4.04568106356
39.7995940277 5.35472219687 -4.04588103152
33.1888017503 16.3859143427 -3.94237765259
27.7151889309 19.5923884932 -3.85575361059
34.3956731598 15.4344984704 -3.96143914861
38.4288192749 10.6632110695 -4.02489075346
38.6825122558 0.775485794752 -4.02738545064
39.4307067953 8.20218468099 -4.04045384542
39.5568775379 3.28465942393 -4.04169454902
22.0006307474 21.795426194 -3.76513776795
25.8590224006 20.4059776372 -3.82633564637
31.9531086031 17.2461693086 -3.92284316609
25.1059774932 20.7069330007 -3.81439626279
36.916779554 12.8986401834 -4.00117225762
37.2870972566 -1.53455262654 -4.00481378734
39.4344504565 8.18854671235 -4.04051130523
39.5599169045 3.29847145445 -4.04174508313
39.5792873857 7.59209620413 -4.04272360194
39.6739766779 3.90156560995 -4.04365473181
39.1515332223 9.07192483504 -4.03614594462
39.3226724573 2.40174526393 -4.03782884718
20.6754557988 22.1934862357 -3.74410683812
38.3884626873 10.7369447418 -4.02425989907
38.6459899091 0.699779302747 -4.02679230037
25.5817609489 20.5186214747 -3.82194000543
38.2187669262 11.0352944918 -4.0216053888
38.4918171214 0.393118638019 -4.0242904357
25.7858518306 20.4359166162 -3.8251756496
38.6922860388 10.1506362557 -4.02900439618
38.9193469808 1.30089903638 -4.03123720645
39.3758902525 8.39434750714 -4.03961131486
39.5119874261 3.08993798719 -4.04094963031
39.7885919347 5.98405201752 -4.04580414167
39.8005437331 5.51822872625 -4.04592167003
38.9999960338 9.46230569402 -4.03379483303
39.1913537907 2.00410593268 -4.035676555
27.7678173214 19.567706611 -3.85658745414
27.5702283261 19.6598867465 -3.85345678075
39.771669024 6.25455757818 -4.04557699988
39.7975148788 5.24721117571 -4.04583115584
39.6481444787 7.23679091595 -4.0437641536
39.7245227601 4.25993494868 -4.04451522161
21.4660143613 21.9604451847 -3.75665393453
29.6824056435 18.6007847844 -3.88691139539
39.1787439408 8.99699501539 -4.03656736698
39.3460048944 2.47797209082 -4.03821213235
31.5435585847 17.5102144033 -3.91636549505
22.0565697618 21.7778040811 -3.7660254093
15.8518129108 23.3593780793 -3.66750997589
33.5329486898 16.1270787187 -3.94781510346
24.62577105 20.8908137285 -3.80678142699
21.5504774794 21.9347792561 -3.75799434394
39.2443616796 8.80904015998 -4.03758247907
39.4018977773 2.66904507676 -4.0391316148
37.0247592405 12.7648540015 -4.00287010817
37.3880741635 -1.39540432958 -4.00644277586
18.1660651236 22.8521084672 -3.70426719125
33.8299140775 15.8960799044 -3.9525059016
35.006032201 14.9007847238 -3.97107104251
31.9082118222 17.275589302 -3.92213312762
39.3231920755 8.56745605934 -4.03879952853
39.4682357707 2.91435439895 -4.04022581986
39.1965154057 8.94714200248 -4.0368424572
39.3611964624 2.52867098073 -4.03846185308
20.4526941444 22.2568538007 -3.74057098932
35.9247720915 14.0120837867 -3.98555608321
36.353493682 -2.6974100711 -3.98977192923
37.563927163 12.0485176735 -4.01134033372
37.8897981532 -0.652357276254 -4.01454479542
30.931969481 17.8873514 -3.90668958182
34.231963428 15.5711261459 -3.95885467579
23.2934702911 21.3702847926 -3.78564978179
23.764435062 21.2057829258 -3.79312054098
38.3037368603 10.8881688103 -4.02293490655
38.5691304928 0.544408733526 -4.02554466242
38.699722255 10.1352810467 -4.02912036305
38.9259859814 1.31661543491 -4.03134533387
24.4987061231 20.9384593795 -3.80476634727
32.4719131513 16.8972761297 -3.93104661839
24.6411506539 20.885018486 -3.80702532251
27.5079494874 19.6886686744 -3.85246996914
23.0341803704 21.458607008 -3.78153640077
15.2929153733 23.468519559 -3.65863093278
38.0967274878 11.2393620202 -4.01969471675
38.3804030598 0.183060370068 -4.0224842486
32.5993886016 16.8089285939 -3.9330618793
36.6175087373 13.2551634954 -3.99646435674
37.0065031228 -1.90595607476 -4.00028954415
29.9270552788 18.4666951368 -3.89078460031
33.3497881916 16.265979035 -3.9449213838
39.6708423476 7.10229090839 -4.04410444572
39.7402934696 4.39542211314 -4.04478739531
29.8781422249 18.4937114786 -3.89001025887
18.2419239936 22.8339123251 -3.70547181115
38.2830855162 10.9243300412 -4.02261183958
38.5503607075 0.50723590192 -4.02524009782
29.5322271488 18.6818285798 -3.88453362573
39.4875925404 7.98670003507 -4.04132567155
39.6026381638 3.50277811763 -4.04245697598
36.4388184557 13.458918145 -3.99365191354
36.8384967226 -2.11860744059 -3.99758216121
20.3277679829 22.2919575187 -3.73858799506
16.4241128631 23.242349113 -3.67660111664
13.6784630624 23.7561042384 -3.63297827562
27.4269461624 19.7259107222 -3.85118643685
27.1422575188 19.8550891123 -3.84667515677
39.3546517399 8.46536654628 -4.0392843428
39.4944187871 3.0179231029 -4.04065874606
18.7885559415 22.6997257985 -3.71415171123
28.5526302289 19.1881017592 -3.86902021861
32.194369932 17.086001415 -3.92665836811
25.58020658 20.5192468625 -3.82191536186
39.6837315572 7.0205815589 -4.04429685166
39.7489755832 4.4776850126 -4.04493843065
28.2316019916 19.3460415431 -3.86393500364
38.4560501959 10.6128041517 -4.02531632519
38.707122427 0.827223026644 -4.02778525115
24.7603219757 20.8399043306 -3.80891515335
16.8450670656 23.152799714 -3.68328754742
36.3684958232 13.5373829281 -3.99254482237
36.7722903805 -2.20057574589 -3.99651554769
17.5332435727 22.9999335658 -3.69421752362
39.789459572 5.96600604751 -4.04581513521
39.8004848138 5.53629544907 -4.04592355224
22.6637738215 21.5820811293 -3.775659842
35.9528403865 13.9830345976 -3.98599831732
36.3800353703 -2.66695951427 -3.99019915141
33.045964669 16.4907011958 -3.94012044369
39.6948956738 6.94605493491 -4.04446292012
39.7563032111 4.55268616031 -4.0450667729
37.88695052 11.5724569922 -4.01640764965
38.1879835785 -0.160355518745 -4.01936786684
19.49983635 22.5168922688 -3.72544475901
33.7284933335 15.9758002312 -3.9509040118
35.3429931983 14.5879162657 -3.97638567933
27.2072795346 19.8258174602 -3.84770555561
35.2365177826 14.688297268 -3.97470655831
37.6918636917 11.8647974929 -4.01334804691
38.0081449764 -0.462317124337 -4.01645820797
36.9357615123 12.8753299276 -4.00147075857
37.3048588633 -1.51029948013 -4.00510028792
37.9798685037 11.4274947665 -4.01786401572
38.2733454844 -0.0108183846569 -4.02074993
39.572824046 7.62235850741 -4.04262544739
39.6690737238 3.87101163186 -4.04357192135
31.2135731534 17.7161561322 -3.91114519938
20.1938747083 22.3292382287 -3.73646260935
34.6418665749 15.2240059224 -3.96532500038
17.6173721731 22.9806862857 -3.69555361033
31.8645538461 17.3040835574 -3.92144266295
32.2540101031 17.045857662 -3.92760140606
37.9984996708 11.3979478119 -4.01815595957
38.2904369376 0.0196452617327 -4.02102673303
37.2482530226 12.4782964328 -4.00638277249
37.5965788917 -1.09776108191 -4.00980804489
35.0729867279 14.8397176826 -3.97212723853
16.6728259467 23.1897995893 -3.6805517279
39.793132607 5.88035017674 -4.04586022953
39.7997604995 5.62202698809 -4.0459254051
39.5007029334 7.93427235234 -4.04152616871
39.6130427619 3.55580922755 -4.04263086563
38.104466644 11.2266597393 -4.01981591968
38.3874806465 0.196142869138 -4.02259894596
37.8818175541 11.5803521741 -4.01632717961
38.1832622397 -0.168503575728 -4.01929144455
31.8302257185 17.3264101223 -3.92089974054
39.4468318356 8.14292837065 -4.04070126141
39.5699426377 3.34466479362 -4.041911875
29.4239243059 18.7396884117 -3.88281878003
28.0941599326 19.4125206482 -3.86175768886
27.8202539661 19.5430203815 -3.85741824496
37.4406971702 12.2200686852 -4.00940563586
37.7755276255 -0.830002879594 -4.01269820072
22.0053579123 21.7939396585 -3.7652127791
38.3092352712 10.8784959497 -4.02302091596
38.5741256344 0.554350873125 -4.02562572292
31.9188042175 17.2686590548 -3.92230064706
37.7179506519 11.8265893544 -4.01375731411
38.0322382575 -0.422821291426 -4.01684787027
30.6726421048 18.0414562612 -3.90258587267
39.6972459045 6.92986792251 -4.04449780255
39.7578202634 4.56897241255 -4.04509346224
32.4627869551 16.9035601987 -3.93090233586
37.3995510512 12.2762385781 -4.00875947281
37.7373160989 -0.88820919941 -4.01208089507
25.3888718594 20.5957152419 -3.8188817865
36.1326573083 13.7938935877 -3.98883097452
36.5499163297 -2.46884477334 -3.99293410304
36.7066829622 13.1510129421 -3.99786750301
37.0902190586 -1.79736892094 -4.00163901618
32.188675228 17.0898229554 -3.92656832093
28.9377874967 18.9935364854 -3.87512047072
24.880372555 20.7940809294 -3.81081886879
35.9351628814 14.0013444462 -3.98571979909
36.3633200745 -2.68615192976 -3.98993009509
32.6436009511 16.7780352092 -3.93376079356
35.2303765828 14.6940431817 -3.97460970454
12.4655124604 23.9460494306 -3.6137011574
24.8949884816 20.788476054 -3.81105063842
10.3337458439 24.2280012429 -3.57981343018
37.9283415746 11.5083662301 -4.01705647501
38.2260335286 -0.0942261906747 -4.01998383736
33.6858809171 16.0090356941 -3.95023092957
19.6696572351 22.4718327822 -3.72814079718
36.9953768519 12.801546222 -4.00240815038
37.3606120529 -1.43355525855 -4.00599970118
14.6775878457 23.5829172132 -3.64885450315
39.0047022526 9.45078965972 -4.03386794527
39.195463263 2.01584818981 -4.03574379912
27.7233348779 19.588574353 -3.85588267583
39.7881256136 5.9934808534 -4.04579819091
39.8005615455 5.50878838101 -4.04592048
31.2373694794 17.7015005886 -3.91152168246
21.7537137922 21.8724015179 -3.76121955864
11.9016331853 24.0269649394 -3.6047384132
35.1836384926 14.7376190297 -3.9738725672
38.4751081728 10.577202427 -4.02561411755
38.7243296339 0.863755366073 -4.02806484392
25.6578813449 20.4879121456 -3.82314683491
39.5256024119 7.83139032024 -4.04190643954
39.6326335841 3.65983294226 -4.04295893363
16.7181055639 23.180121246 -3.68127094154
18.8534451472 22.6834355402 -3.71518202237
35.4199615573 14.5144417155 -3.97759933074
39.6564488723 7.18883580115 -4.04388885087
39.730357041 4.30825288141 -4.04461562896
38.1729077403 11.1129396463 -4.02088755905
38.450000002 0.313223588385 -4.02361235373
19.5188963624 22.5118623173 -3.72574735575
29.273136475 18.8194416734 -3.88043111001
32.3342708995 16.9914822751 -3.92887044503
29.994540968 18.4292478076 -3.89185293776
39.2197938289 8.88068373176 -4.03720261079
39.3810362081 2.59623572327 -4.03878819234
39.7469695858 6.52908875865 -4.04522670598
39.7869261681 4.97177445256 -4.04561962017
12.1789411376 23.9877499359 -3.60914625586
33.8875920852 15.8503490473 -3.95341683532
39.6350702403 7.30969270204 -4.04356742774
39.7152042008 4.18645853244 -4.04435542733
37.0536832959 12.7285191104 -4.00332482636
37.4150968682 -1.35763376732 -4.00687879706
29.8677226924 18.4994530243 -3.88984530537
33.4512755379 16.1893433768 -3.9465248152
34.8973893124 14.998763738 -3.96935704648
17.4438475178 23.0202512587 -3.69279776091
35.1407386639 14.7773791977 -3.97319592861
19.0690501801 22.6287508054 -3.71860531317
39.5439493526 7.75251977222 -4.04218616034
39.6469118233 3.7395406975 -4.04319864474
39.7844090026 6.06305491824 -4.04574989277
39.8004176507 5.43911525025 -4.04590731427
23.1215388919 21.4290254516 -3.78292228567
33.2777768158 16.3198717908 -3.94378357711
39.1930468013 8.95693097988 -4.03678877473
39.3582344107 2.5187169838 -4.03841315181
38.1414764072 -0.240078464625 -4.01861515928
37.8364162796 11.6496897213 -4.01561534179
39.4147276946 2.71478150615 -4.03934297008
39.2595201218 8.76402195059 -4.03781673198
28.70890351 19.1098384429 -3.87149543415
10.8276239631 24.1684278561 -3.58766528388
13.7470129885 23.7447107397 -3.6340676195
18.5789856954 22.7518114089 -3.71082407158
24.379349084 20.9828368161 -3.80287344534
30.40895837 18.1947955301 -3.89841270304
33.3529561712 16.2635989653 -3.94497143763
28.4887546127 19.2198287375 -3.86800845048
17.652464918 22.9726211927 -3.69611092938
17.7642791465 22.9467802925 -3.69788666434
15.9344901851 23.3428035795 -3.66882337876
34.3085304699 15.507548268 -3.96006348413
15.9705559221 23.3355384615 -3.66939630998
30.2314968336 18.2961519078 -3.89560383459
16.5114128159 23.2240214994 -3.67798782592
24.0198144869 21.114333369 -3.79717118974
23.1263507963 21.4273908703 -3.78299862253
14.6196684153 23.5933784394 -3.64793422139
10.9297182287 24.1556856287 -3.58928834891
30.6888426985 18.0319261692 -3.90284225307
27.2621726153 19.800999175 -3.84857542538
33.8587967481 15.8732159112 -3.95296206373
33.8727247391 15.8621644654 -3.9531820332
14.2436443787 23.6600255051 -3.64195937782
10.452913092 24.2139393086 -3.58170804314
24.0873909515 21.0898651758 -3.798242998
15.5333624091 23.4221818495 -3.66245094138
18.1286632023 22.8610421949 -3.70367325218
39.4022497053 2.67028964431 -4.03913741077
39.2447769671 8.80781528025 -4.03758889809
39.2295256738 2.1147792298 -4.03630141925
39.0437931187 9.35373583394 -4.03447501286
39.7327977848 4.32906063132 -4.04465772665
39.6599534458 7.1681806163 -4.04394140976
27.9151258968 19.4981155911 -3.85892133042
26.730888546 20.0371623775 -3.84015573804
37.4841800209 -1.26001002168 -4.00799364499
37.1276817795 12.6345670374 -4.00448800933
11.1239978798 24.1310311943 -3.59237688697
29.2261728255 18.8440925293 -3.87968742838
38.3247562433 0.0813659418676 -4.02158263401
38.0359389105 11.3380685553 -4.01874254051
37.0648644493 -1.83044773795 -4.00123027871
36.6796654043 13.1827478169 -3.99744241289
37.9364404921 -0.578226097654 -4.01529878165
37.6143096419 11.9768762859 -4.01213109872
27.9812088188 19.4666525996 -3.85996827385
29.5002789681 18.69894727 -3.88402777249
17.3181848052 23.0485778397 -3.69080198497
11.2029297394 24.1208618478 -3.59363167315
35.3212047321 14.6085755165 -3.97604209286
19.5746720025 22.4971034267 -3.72663284356
26.6505963069 20.0720829676 -3.83888316189
20.212091691 22.3241867185 -3.73675178406
34.742204405 15.1364072727 -3.96690842349
31.9006540546 17.2805300503 -3.92201360039
9.39360831219 24.3320400113 -3.56486532062
19.2670318649 22.5777752155 -3.72174866873
17.1074744065 23.0954662772 -3.68745538608
18.831520764 22.6889482515 -3.71483390825
36.2311997022 -2.83603742108 -3.9878037141
35.7955300987 14.1442563759 -3.98351954459
10.1337628612 24.2511551747 -3.57663387688
18.4239747474 22.7898232244 -3.70836266595
34.5899819439 15.2688846361 -3.96450614793
35.0892852823 14.8247718138 -3.97238433283
10.499797881 24.2083524774 -3.58245344525
17.709947711 22.959363914 -3.69702382467
21.1109402525 22.0667073565 -3.75101873852
27.1158237604 19.8669501547 -3.84625625698
25.243315407 20.6532118053 -3.81657391127
23.6131310406 21.2592123029 -3.79072054574
9.48877645298 24.3220618392 -3.56637857263
19.1509536986 22.6077513312 -3.71990570933
38.3725646348 0.168611184404 -4.02235722751
38.0881584095 11.2533901667 -4.01956051076
27.2368071659 19.8124795669 -3.84817347065
11.3040742065 24.1077013085 -3.59523955476
9.64423341666 24.3054955814 -3.56885042504
27.1197470336 19.865191168 -3.84631842991
36.4793806389 -2.55179061571 -3.99179842587
36.0579608952 13.8731125735 -3.98765438277
22.5062080974 21.6336592794 -3.77315988908
11.5912560735 24.0695391578 -3.59980472675
31.4069903887 17.5961610685 -3.91420512841
26.1470539806 20.2866256386 -3.83090167042
32.6054436515 16.8047053545 -3.93315759948
10.8636318561 24.1639505413 -3.58823772954
24.0479351471 21.1041651918 -3.79761720451
16.2138590901 23.2859702632 -3.67326127594
34.9165817159 14.9815536081 -3.9696598493
28.2238978594 19.3497858062 -3.86381295994
30.6884118607 18.0321797775 -3.90283543492
13.7404156932 23.745810361 -3.63396278072
32.9043941825 16.5930943083 -3.93788302177
29.8040640403 18.5344287295 -3.88883749781
39.2363750965 2.13503146512 -4.03641360401
39.0516720822 9.33386154937 -4.03459732164
29.7211711072 18.5797098305 -3.88752514309
35.3364476021 14.5941290703 -3.97628246159
25.5879573686 20.5161277226 -3.82203824578
19.5344134427 22.507762254 -3.72599370411
25.2874975175 20.6358206098 -3.81727445177
34.7009229361 15.1725780114 -3.96625698436
31.1331000794 17.7654969267 -3.90987199569
24.5278069829 20.927584176 -3.80522785371
21.1432055279 22.0571596627 -3.75153082078
24.4425613713 20.9593796297 -3.80387594597
32.7638404293 16.6933498483 -3.93566144974
27.4029372321 19.7369072914 -3.85080599858
16.0337666996 23.3227539109 -3.67040045248
34.2827000122 15.5290595531 -3.9596556935
20.3408483507 22.2882964971 -3.73879562633
11.1433890454 24.1285410857 -3.59268515119
39.5936849653 3.45825432108 -4.04230751645
39.4763679005 8.0307060404 -4.04115387574
29.4326165396 18.7350625936 -3.88295641393
16.944427184 23.1312279926 -3.6848657143
16.3359487908 23.2607295619 -3.67520066124
22.5792853425 21.6098074342 -3.77431935053
18.3065493994 22.8183294924 -3.70649803377
13.3938461929 23.8026492087 -3.62845523967
17.9115140028 22.9124188963 -3.70022486623
19.8931419752 22.4116927829 -3.73168865927
29.7486400364 18.5647373701 -3.88796003423
34.3574883939 15.4665993488 -3.96083636503
11.5434378348 24.0759753106 -3.59904459931
28.5571717614 19.1858402131 -3.86909215404
37.6616264639 -1.00182719412 -4.01085839394
37.3181345787 12.3858250129 -4.00748065666
33.9518057551 15.7990944874 -3.95443093623
22.8163427178 21.5316031047 -3.77808043117
28.8988070302 19.0134859488 -3.8745031251
17.9771619064 22.8969749503 -3.70126738582
19.1550070977 22.6067088224 -3.71997006533
16.9692254174 23.1258180534 -3.68525958809
26.1255109149 20.2956359898 -3.83056017175
33.0539831745 16.4848584495 -3.94024716378
31.4518474867 17.568043895 -3.9149147386
38.1676169801 -0.195415023081 -4.01903821533
37.8648128376 11.6064257779 -4.01606058214
26.6203717007 20.0851768414 -3.83840411488
24.0867800108 21.0900868954 -3.79823330815
34.8083790719 15.0780387096 -3.96795262753
23.780020642 21.2002476638 -3.79336775563
11.0357316423 24.1422985342 -3.5909736951
9.83870268125 24.2843044031 -3.5719425218
30.5358635143 18.1214110207 -3.90042122187
19.2472814421 22.5828933882 -3.72143509637
39.3825456774 2.60144169598 -4.03881303146
39.2215682791 8.87556202897 -4.03723005561
39.3501589163 2.49174911507 -4.03828040318
39.1835989954 8.9834491765 -4.03664253144
36.9040164313 -2.03648724162 -3.99863786916
36.5084631476 13.3802664514 -3.99474818463
28.0675715995 19.4253035919 -3.86133647257
21.6991736665 21.8892274813 -3.7603540594
17.8157327676 22.9348154747 -3.69870379388
30.6869860688 18.0330189909 -3.90281287132
17.8604580892 22.9243774336 -3.6994140661
16.899492256 23.1410043538 -3.68415200245
15.9588557655 23.3378976815 -3.6692104446
13.669913732 23.7575201996 -3.63284241531
12.0769918307 24.0022965381 -3.60752577982
13.2612555926 23.8239159617 -3.62634808925
16.6803905933 23.1881850707 -3.68067188382
31.7021883871 17.4090822392 -3.91887465018
36.6633660677 -2.33330081478 -3.9947610614
36.2529085785 13.6643467201 -3.99072481594
38.0846612878 -0.335890378556 -4.01769586679
37.7747625979 11.742461562 -4.01464846916
10.8911234896 24.160519858 -3.58867478364
35.0196183976 14.8884359121 -3.97128536907
14.1311570128 23.6795379582 -3.64017194059
32.7274663694 16.7190722042 -3.93508649189
33.2094638123 16.3706309897 -3.942704149
37.6867476291 -0.964359806961 -4.01126410065
37.3451440498 12.34969537 -4.00790493208
25.9048838425 20.3871345388 -3.82706269049
18.2643770381 22.8285068093 -3.70582835681
10.9135934146 24.1577079175 -3.58903200282
35.3664380934 14.5656177393 -3.97675537562
17.1505446617 23.0859438804 -3.68813945722
28.2331561148 19.3452859697 -3.86395962298
30.8827905852 17.9168330166 -3.90591139373
20.5478396336 22.2299099546 -3.7420812326
33.1326278482 16.4273039488 -3.94148998237
14.2082181638 23.666191683 -3.64139645446
15.0527336593 23.5138848113 -3.65481499556
31.7799389925 17.3589922679 -3.92010440287
28.5931698412 19.1678870513 -3.86966234005
15.2252762392 23.4813879812 -3.65755631637
35.0577510626 14.8536602314 -3.97188690584
10.9185173874 24.1570907681 -3.5891102823
31.559494289 17.5001185377 -3.91661757083
21.2922715678 22.0127691489 -3.75389660452
12.7585493087 23.9021632814 -3.61835863078
17.4599046562 23.0166120391 -3.6930527774
31.5875972662 17.4822797858 -3.91706210684
14.4801323315 23.6183661613 -3.64571709919
26.7369702059 20.034509243 -3.84025212686
18.1902260975 22.8463241726 -3.70465086322
14.1916852878 23.6690627253 -3.64113374565
23.4591866999 21.3130075668 -3.78827858114
38.6979848753 0.80794388542 -4.02763679769
38.4459360156 10.6315892669 -4.02515826802
11.5958886138 24.0689138944 -3.59987836618
29.7683504751 18.553973867 -3.88827208897
38.0404670942 -0.409266725847 -4.01698096598
37.7268637512 11.8134746746 -4.01389713854
16.4865871421 23.2292462773 -3.67759348646
15.9424643741 23.3411990804 -3.66895005501
11.1896212412 24.1225826737 -3.59342010784
16.2607534826 23.2763045043 -3.67400619423
14.8059540419 23.5595449891 -3.65089408428
37.1403982496 -1.73140027015 -4.00244802507
36.7601790566 13.0877047424 -3.99870912876
13.6172878333 23.76621184 -3.63200611549
30.1420070208 18.34671498 -3.89418730053
18.4797829947 22.7761880233 -3.70924884817
14.0292785498 23.6970422889 -3.63855305386
20.2057825499 22.3259369612 -3.73665163345
36.2101442022 -2.85963329102 -3.98746488658
35.7732922874 14.1667412796 -3.98316909078
17.9656514541 22.8996883401 -3.70108459529
11.2946740316 24.1089305586 -3.59509012225
11.6488659499 24.0617415465 -3.60072049704
30.722978401 18.0118037208 -3.90338245665
26.7198562161 20.04197233 -3.83998088513
37.9398071167 -0.572837440601 -4.01535320998
37.6179481718 11.9716673908 -4.01218820084
32.3572192229 16.9758602057 -3.92923327942
35.2339537858 14.690696804 -3.97466612123
10.617626445 24.1941761661 -3.58432673226
31.5038108403 17.5353347318 -3.91573674364
20.5661299135 22.2247096744 -3.74237155077
20.8807122435 22.1342133599 -3.74736469229
39.1009692719 1.75535154269 -4.03419905906
38.8969740899 9.70609700682 -4.0321930666
18.7940265288 22.6983554073 -3.7142385737
27.7252299572 19.5876867045 -3.85591270162
11.3525362342 24.1013440152 -3.59600994181
22.0369864468 21.783981038 -3.76571466209
17.8749819527 22.9209802668 -3.69964471495
35.6344489506 14.3054774402 -3.98098075024
31.8870059467 17.2894437264 -3.92179775219
26.6724387316 20.0626029555 -3.8392293522
33.8253597093 15.899678646 -3.95243397057
33.8160735306 15.9070108124 -3.95228730517
39.4511475979 2.84896590509 -4.0399436176
39.3027732045 8.63188207061 -4.03848457376
12.0990757649 23.9991583091 -3.60787680418
11.905613703 24.0264099188 -3.60480168523
31.6548212335 17.4394289245 -3.91812543497
23.7676608975 21.2046377473 -3.79317170847
25.6793442098 20.4792239157 -3.82348710728
34.5252274171 15.3245029698 -3.96348411924
