-32.0039956208 11.9973357907 1.57772181044e-30
-32.0039956208 -11.9973357907 1.57772181044e-30
-39.9769253108 0.679235359107 0.0
-39.9769253108 -0.679235359107 0.0
-39.9921419194 0.396416666709 3.15544362088e-30
-39.9921419194 -0.396416666709 3.15544362088e-30
-33.6656615738 10.8007318131 0.0
-33.6656615738 -10.8007318131 0.0
-28.275409526 14.1465650966 0.0
-28.275409526 -14.1465650966 0.0
-34.8478828539 9.81866921487 0.0
-34.8478828539 -9.81866921487 0.0
-38.7578188568 4.94548980034 0.0
-38.7578188568 -4.94548980034 0.0
-39.696372942 2.45957187583 3.15544362088e-30
-39.696372942 -2.45957187583 3.15544362088e-30
-22.618520551 16.4954730766 0.0
-22.618520551 -16.4954730766 0.0
-26.4404889736 15.0075026473 0.0
-26.4404889736 -15.0075026473 0.0
-32.4522859136 11.6924028645 0.0
-32.4522859136 -11.6924028645 0.0
-25.6953166254 15.3276767933 0.0
-25.6953166254 -15.3276767933 0.0
-37.3034287546 7.21897158794 0.0
-37.3034287546 -7.21897158794 0.0
-39.6997660021 2.44584235897 0.0
-39.6997660021 -2.44584235897 0.0
-39.8292733678 1.84587262532 0.0
-39.8292733678 -1.84587262532 0.0
-39.4395665927 3.33618745654 3.15544362088e-30
-39.4395665927 -3.33618745654 3.15544362088e-30
-21.3038248944 16.9273967643 1.57772181044e-30
-21.3038248944 -16.9273967643 1.57772181044e-30
-38.7193618654 5.02023447494 0.0
-38.7193618654 -5.02023447494 0.0
-26.1661731928 15.1272219892 1.57772181044e-30
-26.1661731928 -15.1272219892 1.57772181044e-30
-38.5573537665 5.32283924522 0.0
-38.5573537665 -5.32283924522 0.0
-26.3681012116 15.0393088147 0.0
-26.3681012116 -15.0393088147 0.0
-39.0080836429 4.42632495723 0.0
-39.0080836429 -4.42632495723 0.0
-39.646496887 2.65307767447 0.0
-39.646496887 -2.65307767447 0.0
-39.9972857304 0.232988303349 0.0
-39.9972857304 -0.232988303349 0.0
-39.2980741893 3.73032723136 0.0
-39.2980741893 -3.73032723136 0.0
-28.3273941217 14.1205412633 0.0
-28.3273941217 -14.1205412633 0.0
-28.132209735 14.2177598044 0.0
-28.132209735 -14.2177598044 0.0
-39.9873053 0.503838974125 0.0
-39.9873053 -0.503838974125 0.0
-39.8890021728 1.48891786676 0.0
-39.8890021728 -1.48891786676 0.0
-22.0882454555 16.6741522475 0.0
-22.0882454555 -16.6741522475 0.0
-30.2167913262 13.1048227949 1.57772181044e-30
-30.2167913262 -13.1048227949 1.57772181044e-30
-39.4648496916 3.26058425834 0.0
-39.4648496916 -3.26058425834 0.0
-32.0495921099 11.9668672341 0.0
-32.0495921099 -11.9668672341 0.0
-22.673996199 16.4764217624 1.57772181044e-30
-22.673996199 -16.4764217624 1.57772181044e-30
-16.5110658678 18.2166455742 0.0
-16.5110658678 -18.2166455742 0.0
-34.0030991692 10.5331529811 3.15544362088e-30
-34.0030991692 -10.5331529811 3.15544362088e-30
-25.219924306 15.5238157197 0.0
-25.219924306 -15.5238157197 0.0
-22.1720330932 16.6463280374 -1.57772181044e-30
-22.1720330932 -16.6463280374 -1.57772181044e-30
-39.5256327003 3.07100796335 0.0
-39.5256327003 -3.07100796335 0.0
-37.4079546821 7.08245943333 0.0
-37.4079546821 -7.08245943333 0.0
-18.8118371577 17.6501755144 1.57772181044e-30
-18.8118371577 -17.6501755144 1.57772181044e-30
-34.2940788359 10.2946121442 0.0
-34.2940788359 -10.2946121442 0.0
-35.4444274541 9.26947358876 3.15544362088e-30
-35.4444274541 -9.26947358876 3.15544362088e-30
-32.4081529056 11.7229649113 3.15544362088e-30
-32.4081529056 -11.7229649113 3.15544362088e-30
-39.5982499854 2.82748112684 0.0
-39.5982499854 -2.82748112684 0.0
-39.4813387219 3.21029175971 -3.15544362088e-30
-39.4813387219 -3.21029175971 -3.15544362088e-30
-21.082733838 16.9964579686 0.0
-21.082733838 -16.9964579686 0.0
-36.3401843011 8.35749670895 0.0
-36.3401843011 -8.35749670895 0.0
-37.9286379051 6.35252758084 3.15544362088e-30
-37.9286379051 -6.35252758084 3.15544362088e-30
-31.4478011622 12.3595691881 1.57772181044e-30
-31.4478011622 -12.3595691881 1.57772181044e-30
-34.6877110502 9.95945156747 3.15544362088e-30
-34.6877110502 -9.95945156747 3.15544362088e-30
-23.9001926508 16.0373064388 -1.57772181044e-30
-23.9001926508 -16.0373064388 -1.57772181044e-30
-24.3668422783 15.8607770726 1.57772181044e-30
-24.3668422783 -15.8607770726 1.57772181044e-30
-38.6385324111 5.17358224822 0.0
-38.6385324111 -5.17358224822 0.0
-39.0151244597 4.41078404019 0.0
-39.0151244597 -4.41078404019 0.0
-25.0941073087 15.5747052812 0.0
-25.0941073087 -15.5747052812 0.0
-32.9620355988 11.3303156309 0.0
-32.9620355988 -11.3303156309 0.0
-25.2351521368 15.5176278522 0.0
-25.2351521368 -15.5176278522 0.0
-28.0706818192 14.2481298966 0.0
-28.0706818192 -14.2481298966 0.0
-23.6432208616 16.1322511393 0.0
-23.6432208616 -16.1322511393 0.0
-15.9550811554 18.3400885039 0.0
-15.9550811554 -18.3400885039 0.0
-38.4405738018 5.52997029357 0.0
-38.4405738018 -5.52997029357 0.0
-33.0872189444 11.2387270468 0.0
-33.0872189444 -11.2387270468 0.0
-37.0133641016 7.58305475853 3.15544362088e-30
-37.0133641016 -7.58305475853 3.15544362088e-30
-30.4579517588 12.9645012887 0.0
-30.4579517588 -12.9645012887 0.0
-33.8235388336 10.6767061959 0.0
-33.8235388336 -10.6767061959 0.0
-39.9082452308 1.3538798506 0.0
-39.9082452308 -1.3538798506 0.0
-30.4097416317 12.9927635041 0.0
-30.4097416317 -12.9927635041 0.0
-18.8872139049 17.630039357 0.0
-18.8872139049 -17.630039357 0.0
-38.6188128605 5.21026134763 0.0
-38.6188128605 -5.21026134763 0.0
-30.0687221739 13.1896924417 0.0
-30.0687221739 -13.1896924417 0.0
-39.7477195253 2.24269885055 0.0
-39.7477195253 -2.24269885055 0.0
-36.8399367326 7.7913262917 3.15544362088e-30
-36.8399367326 -7.7913262917 3.15544362088e-30
-20.9587334456 17.0347548585 1.57772181044e-30
-20.9587334456 -17.0347548585 1.57772181044e-30
-17.0802479516 18.0849739419 0.0
-17.0802479516 -18.0849739419 0.0
-14.348332747 18.6689939966 0.0
-14.348332747 -18.6689939966 0.0
-27.990650227 14.2874376628 0.0
-27.990650227 -14.2874376628 0.0
-27.7093329047 14.4238766458 0.0
-27.7093329047 -14.4238766458 0.0
-39.6270844652 2.72461817441 0.0
-39.6270844652 -2.72461817441 0.0
-19.4302930502 17.4818742701 0.0
-19.4302930502 -17.4818742701 0.0
-29.1023105106 13.7209285668 -1.57772181044e-30
-29.1023105106 -13.7209285668 -1.57772181044e-30
-32.6893897618 11.5260986136 0.0
-32.6893897618 -11.5260986136 0.0
-26.1646351811 15.1278870454 0.0
-26.1646351811 -15.1278870454 0.0
-39.9190358095 1.27186674221 0.0
-39.9190358095 -1.27186674221 0.0
-28.7853987412 13.8870516967 -1.57772181044e-30
-28.7853987412 -13.8870516967 -1.57772181044e-30
-38.7837512199 4.89440091625 0.0
-38.7837512199 -4.89440091625 0.0
-25.3531420647 15.4694714474 -1.57772181044e-30
-25.3531420647 -15.4694714474 -1.57772181044e-30
-17.4988198253 17.9846552978 0.0
-17.4988198253 -17.9846552978 0.0
-36.7716411242 7.87156923739 0.0
-36.7716411242 -7.87156923739 0.0
-18.1829357113 17.8141857021 0.0
-18.1829357113 -17.8141857021 0.0
-39.9976902737 0.214926014085 0.0
-39.9976902737 -0.214926014085 0.0
-23.2760566546 16.2651866467 0.0
-23.2760566546 -16.2651866467 0.0
-36.3675017409 8.32773704444 0.0
-36.3675017409 -8.32773704444 0.0
-33.5255414101 10.909148376 0.0
-33.5255414101 -10.909148376 0.0
-39.9282858968 1.19707824948 0.0
-39.9282858968 -1.19707824948 0.0
-38.2393838983 5.86833705323 0.0
-38.2393838983 -5.86833705323 0.0
-20.1367394334 17.280854471 0.0
-20.1367394334 -17.280854471 0.0
-34.1947236168 10.3769079784 0.0
-34.1947236168 -10.3769079784 0.0
-35.7732945019 8.94806404311 0.0
-35.7732945019 -8.94806404311 0.0
-27.77359088 14.3929466201 0.0
-27.77359088 -14.3929466201 0.0
-35.6694156254 9.05114342148 0.0
-35.6694156254 -9.05114342148 0.0
-38.0518357204 6.16558590709 0.0
-38.0518357204 -6.16558590709 0.0
-37.3218089127 7.19518205964 0.0
-37.3218089127 -7.19518205964 0.0
-38.3285644812 5.72103890938 0.0
-38.3285644812 -5.72103890938 0.0
-39.82358763 1.87629077417 0.0
-39.82358763 -1.87629077417 0.0
-31.7249563134 12.181206292 -1.57772181044e-30
-31.7249563134 -12.181206292 -1.57772181044e-30
-20.8258235992 17.0754580569 -1.57772181044e-30
-20.8258235992 -17.0754580569 -1.57772181044e-30
-35.0886268534 9.60193034689 0.0
-35.0886268534 -9.60193034689 0.0
-18.2665535513 17.7927866097 0.0
-18.2665535513 -17.7927866097 0.0
-32.3652347046 11.7525697458 0.0
-32.3652347046 -11.7525697458 0.0
-32.7479880886 11.4844381246 3.15544362088e-30
-32.7479880886 -11.4844381246 3.15544362088e-30
-38.3464339342 5.69102373332 0.0
-38.3464339342 -5.69102373332 0.0
-37.6240524095 6.79026288676 0.0
-37.6240524095 -6.79026288676 0.0
-35.5098019285 9.20670906189 -3.15544362088e-30
-35.5098019285 -9.20670906189 -3.15544362088e-30
-17.3275626915 18.0260614887 0.0
-17.3275626915 -18.0260614887 0.0
-39.9991653063 0.129204105004 0.0
-39.9991653063 -0.129204105004 0.0
-39.759482381 2.18995209951 0.0
-39.759482381 -2.18995209951 0.0
-38.4479855507 5.51707366031 0.0
-38.4479855507 -5.51707366031 0.0
-38.2344544996 5.87636131281 0.0
-38.2344544996 -5.87636131281 0.0
-32.3314862491 11.7757695813 0.0
-32.3314862491 -11.7757695813 0.0
-39.7109746658 2.39992140964 0.0
-39.7109746658 -2.39992140964 0.0
-29.9619254796 13.2503115205 1.57772181044e-30
-29.9619254796 -13.2503115205 1.57772181044e-30
-28.649689831 13.957034719 0.0
-28.649689831 -13.957034719 0.0
-28.379186899 14.094518003 0.0
-28.379186899 -14.094518003 0.0
-37.8098335077 6.52718335351 0.0
-37.8098335077 -6.52718335351 0.0
-22.6232086264 16.4938657646 0.0
-22.6232086264 -16.4938657646 0.0
-38.6437815793 5.16377152023 0.0
-38.6437815793 -5.16377152023 0.0
-32.4185653813 11.7157652185 0.0
-32.4185653813 -11.7157652185 0.0
-38.0769372794 6.12672113409 0.0
-38.0769372794 -6.12672113409 0.0
-31.1924793928 12.5202758489 0.0
-31.1924793928 -12.5202758489 0.0
-39.9302204199 1.18083627323 0.0
-39.9302204199 -1.18083627323 0.0
-32.9530724495 11.3368317459 0.0
-32.9530724495 -11.3368317459 0.0
-37.7701365956 6.58439028208 0.0
-37.7701365956 -6.58439028208 0.0
-25.9753007626 15.2092385599 0.0
-25.9753007626 -15.2092385599 0.0
-36.5424303936 8.13404544071 0.0
-36.5424303936 -8.13404544071 0.0
-37.0998485916 7.47665089602 0.0
-37.0998485916 -7.47665089602 0.0
-32.6837942412 11.5300649824 0.0
-32.6837942412 -11.5300649824 0.0
-29.4823988087 13.5165469008 0.0
-29.4823988087 -13.5165469008 0.0
-25.4719928785 15.4205834747 0.0
-25.4719928785 -15.4205834747 0.0
-36.3502975007 8.34649434804 -3.15544362088e-30
-36.3502975007 -8.34649434804 -3.15544362088e-30
-33.1306298639 11.2067096512 0.0
-33.1306298639 -11.2067096512 0.0
-35.6634230636 9.05704498426 0.0
-35.6634230636 -9.05704498426 0.0
-13.1405001272 18.8899924326 0.0
-13.1405001272 -18.8899924326 0.0
-25.48646207 15.4146055022 0.0
-25.48646207 -15.4146055022 0.0
-11.0163976113 19.2265375436 0.0
-11.0163976113 -19.2265375436 0.0
-38.2791225089 5.80320557863 0.0
-38.2791225089 -5.80320557863 0.0
-34.1529723861 10.4112256386 0.0
-34.1529723861 -10.4112256386 0.0
-20.3053700766 17.2314534069 0.0
-20.3053700766 -17.2314534069 0.0
-37.3795194751 7.11989332457 0.0
-37.3795194751 -7.11989332457 0.0
-15.3428127053 18.4702334737 -1.57772181044e-30
-15.3428127053 -18.4702334737 -1.57772181044e-30
-39.3024840444 3.71869425817 0.0
-39.3024840444 -3.71869425817 0.0
-28.2834559835 14.142543244 0.0
-28.2834559835 -14.142543244 0.0
-39.9970613738 0.242425999094 0.0
-39.9970613738 -0.242425999094 0.0
-31.748371877 12.1659451252 1.57772181044e-30
-31.748371877 -12.1659451252 1.57772181044e-30
-22.3736281508 16.5787572165 0.0
-22.3736281508 -16.5787572165 0.0
-12.5788106278 18.9853464756 0.0
-12.5788106278 -18.9853464756 0.0
-35.6178122473 9.10180546256 0.0
-35.6178122473 -9.10180546256 0.0
-38.8018920782 4.85832201353 0.0
-38.8018920782 -4.85832201353 0.0
-26.2414904227 15.0945700535 0.0
-26.2414904227 -15.0945700535 0.0
-39.7817376727 2.08646517688 0.0
-39.7817376727 -2.08646517688 0.0
-17.3725848746 18.015224775 1.57772181044e-30
-17.3725848746 -18.015224775 1.57772181044e-30
-19.4947512432 17.4639247734 0.0
-19.4947512432 -17.4639247734 0.0
-35.8483625023 8.87263920582 0.0
-35.8483625023 -8.87263920582 0.0
-39.8960747329 1.44076549993 0.0
-39.8960747329 -1.44076549993 0.0
-38.5134956285 5.40163527269 0.0
-38.5134956285 -5.40163527269 0.0
-20.1556665593 17.2753372293 0.0
-20.1556665593 -17.2753372293 0.0
-29.8132140094 13.3339066896 0.0
-29.8132140094 -13.3339066896 0.0
-32.826837795 11.4280217052 0.0
-32.826837795 -11.4280217052 0.0
-30.524463185 12.9253350756 0.0
-30.524463185 -12.9253350756 0.0
-39.5029076349 3.14325819773 0.0
-39.5029076349 -3.14325819773 0.0
-39.9696531817 0.77891343081 0.0
-39.9696531817 -0.77891343081 0.0
-12.8550565089 18.9390306124 1.57772181044e-30
-12.8550565089 -18.9390306124 1.57772181044e-30
-34.3505720748 10.2474167249 0.0
-34.3505720748 -10.2474167249 0.0
-39.8778006697 1.5621310565 3.15544362088e-30
-39.8778006697 -1.5621310565 3.15544362088e-30
-37.435940815 7.04539451159 0.0
-37.435940815 -7.04539451159 0.0
-30.3994714911 12.9987704521 0.0
-30.3994714911 -12.9987704521 0.0
-33.9230397699 10.5974923068 0.0
-33.9230397699 -10.5974923068 0.0
-35.338319927 9.37020737142 3.15544362088e-30
-35.338319927 -9.37020737142 3.15544362088e-30
-18.0940789413 17.8367899807 0.0
-18.0940789413 -17.8367899807 0.0
-35.5759410354 9.14265305376 0.0
-35.5759410354 -9.14265305376 0.0
-19.7089098599 17.4037271305 1.57772181044e-30
-19.7089098599 -17.4037271305 1.57772181044e-30
-39.7980576995 2.00714992898 0.0
-39.7980576995 -2.00714992898 0.0
-39.9951302409 0.31207251196 0.0
-39.9951302409 -0.31207251196 0.0
-23.7298028725 16.1004383142 0.0
-23.7298028725 -16.1004383142 0.0
-33.7529244977 10.7324285212 -3.15544362088e-30
-33.7529244977 -10.7324285212 -3.15544362088e-30
-39.4781219279 3.22016649586 0.0
-39.4781219279 -3.22016649586 0.0
-38.1908410722 -5.94684071996 3.15544362088e-30
-38.1908410722 5.94684071996 3.15544362088e-30
-39.5396332599 -3.02561570902 0.0
-39.5396332599 3.02561570902 0.0
-29.2565445412 -13.6386821349 0.0
-29.2565445412 13.6386821349 0.0
-11.5086475933 -19.154314335 1.57772181044e-30
-11.5086475933 19.154314335 1.57772181044e-30
-14.4165765321 -18.65584574 -1.57772181044e-30
-14.4165765321 18.65584574 -1.57772181044e-30
-19.2221013257 -17.5393188339 0.0
-19.2221013257 17.5393188339 0.0
-24.9759128026 -15.6221299738 0.0
-24.9759128026 15.6221299738 0.0
-30.9327825074 -12.6803289227 0.0
-30.9327825074 12.6803289227 0.0
-33.8266451181 -10.6742456414 0.0
-33.8266451181 10.6742456414 0.0
-29.0392616874 -13.7542837023 0.0
-29.0392616874 13.7542837023 0.0
-18.301432307 -17.7838239386 0.0
-18.301432307 17.7838239386 0.0
-18.4125610315 -17.755123178 1.57772181044e-30
-18.4125610315 17.755123178 1.57772181044e-30
-16.5933012381 -18.1979556134 0.0
-16.5933012381 18.1979556134 0.0
-34.7626316858 -9.89393044086 0.0
-34.7626316858 9.89393044086 0.0
-16.6291733101 -18.1897676938 1.57772181044e-30
-16.6291733101 18.1897676938 1.57772181044e-30
-30.7579568967 -12.786204358 1.57772181044e-30
-30.7579568967 12.786204358 1.57772181044e-30
-17.1670600936 -18.0644128589 0.0
-17.1670600936 18.0644128589 0.0
-24.6198241399 -15.7628063754 0.0
-24.6198241399 15.7628063754 0.0
-23.7345718724 -16.0986808313 -1.57772181044e-30
-23.7345718724 16.0986808313 -1.57772181044e-30
-15.2851733497 -18.4821770611 1.57772181044e-30
-15.2851733497 18.4821770611 1.57772181044e-30
-11.6103943314 -19.1389572827 1.57772181044e-30
-11.6103943314 19.1389572827 1.57772181044e-30
-31.2084322403 -12.5103333 0.0
-31.2084322403 12.5103333 0.0
-27.8278362085 -14.3667283328 0.0
-27.8278362085 14.3667283328 0.0
-34.3223691501 -10.2710147493 0.0
-34.3223691501 10.2710147493 0.0
-34.3360108288 -10.2596096462 0.0
-34.3360108288 10.2596096462 0.0
-14.9109350544 -18.5584483174 1.57772181044e-30
-14.9109350544 18.5584483174 1.57772181044e-30
-11.1351800233 -19.2094232465 0.0
-11.1351800233 19.2094232465 0.0
-24.6867592662 -15.7366126988 0.0
-24.6867592662 15.7366126988 0.0
-16.1942908669 -18.2875978693 1.57772181044e-30
-16.1942908669 18.2875978693 1.57772181044e-30
-18.7746719752 -17.6600657716 0.0
-18.7746719752 17.6600657716 0.0
-39.5260164829 -3.06977283333 3.15544362088e-30
-39.5260164829 3.06977283333 3.15544362088e-30
-39.3390773578 -3.62066957324 0.0
-39.3390773578 3.62066957324 0.0
-39.8990487468 -1.42002720925 3.15544362088e-30
-39.8990487468 1.42002720925 3.15544362088e-30
-28.4728877242 -14.0471942451 0.0
-28.4728877242 14.0471942451 0.0
-27.3027177591 -14.6164428211 0.0
-27.3027177591 14.6164428211 0.0
-37.507514248 -6.94957507577 0.0
-37.507514248 6.94957507577 0.0
-11.8040022246 -19.1093271172 0.0
-11.8040022246 19.1093271172 0.0
-29.7668922123 -13.3597541895 0.0
-29.7668922123 13.3597541895 0.0
-38.3823295639 -5.63020375396 0.0
-38.3823295639 5.63020375396 0.0
-37.0736505699 -7.50906840792 0.0
-37.0736505699 7.50906840792 0.0
-37.9771724305 -6.27961730881 0.0
-37.9771724305 6.27961730881 0.0
-28.5381501783 -14.0140463857 1.57772181044e-30
-28.5381501783 14.0140463857 1.57772181044e-30
-30.0372195904 -13.2076250636 0.0
-30.0372195904 13.2076250636 0.0
-17.9691682984 -17.8683308584 0.0
-17.9691682984 17.8683308584 0.0
-11.8826572443 -19.0971362828 0.0
-11.8826572443 19.0971362828 0.0
-35.7520403999 -8.96927543397 -3.15544362088e-30
-35.7520403999 8.96927543397 -3.15544362088e-30
-20.211052314 -17.2591523862 0.0
-20.211052314 17.2591523862 0.0
-27.2233375584 -14.6534116521 0.0
-27.2233375584 14.6534116521 0.0
-20.8439073131 -17.0699408898 0.0
-20.8439073131 17.0699408898 0.0
-35.1866972816 -9.51178656212 0.0
-35.1866972816 9.51178656212 0.0
-32.4007234085 -11.7280979128 0.0
-32.4007234085 11.7280979128 0.0
-10.0791191638 -19.3546593672 1.57772181044e-30
-10.0791191638 19.3546593672 1.57772181044e-30
-19.9055438428 -17.3476895027 0.0
-19.9055438428 17.3476895027 0.0
-17.7597033333 -17.9206092078 0.0
-17.7597033333 17.9206092078 0.0
-19.47297271 -17.4699980956 0.0
-19.47297271 17.4699980956 0.0
-36.2143589783 -8.49294124244 0.0
-36.2143589783 8.49294124244 0.0
-10.8170490495 -19.2548140075 1.57772181044e-30
-10.8170490495 19.2548140075 1.57772181044e-30
-19.0680968343 -17.5812946275 -1.57772181044e-30
-19.0680968343 17.5812946275 -1.57772181044e-30
-35.0379039593 -9.64812528601 0.0
-35.0379039593 9.64812528601 0.0
-35.5257137904 -9.1913500053 0.0
-35.5257137904 9.1913500053 0.0
-11.1819120095 -19.202635521 0.0
-11.1819120095 19.202635521 0.0
-18.3585633888 -17.7690964198 0.0
-18.3585633888 17.7690964198 0.0
-21.7359690617 -16.789488147 0.0
-21.7359690617 16.789488147 0.0
-27.6832087574 -14.4364118888 0.0
-27.6832087574 14.4364118888 0.0
-25.8312486795 -15.2704501543 0.0
-25.8312486795 15.2704501543 0.0
-24.2169394571 -15.9180702609 0.0
-24.2169394571 15.9180702609 0.0
-10.1740120828 -19.3422431361 0.0
-10.1740120828 19.3422431361 0.0
-19.7902581208 -17.3806335005 1.57772181044e-30
-19.7902581208 17.3806335005 1.57772181044e-30
-38.4323663101 -5.54421364597 0.0
-38.4323663101 5.54421364597 0.0
-27.8027703895 -14.3788556452 0.0
-27.8027703895 14.3788556452 0.0
-11.9834436455 -19.0813854214 1.57772181044e-30
-11.9834436455 19.0813854214 1.57772181044e-30
-10.3290126248 -19.3216944016 1.57772181044e-30
-10.3290126248 19.3216944016 1.57772181044e-30
-27.6870861148 -14.4345528375 0.0
-27.6870861148 14.4345528375 0.0
-36.4697812367 -8.21515454129 0.0
-36.4697812367 8.21515454129 0.0
-23.1198459101 -16.3207898483 0.0
-23.1198459101 16.3207898483 0.0
-12.2695884509 -19.0358687695 0.0
-12.2695884509 19.0358687695 0.0
-31.915256271 -12.0562889933 0.0
-31.915256271 12.0562889933 0.0
-26.725400624 -14.8808010662 0.0
-26.725400624 14.8808010662 0.0
-33.0931644337 -11.2343498673 0.0
-33.0931644337 11.2343498673 0.0
-11.5445333462 -19.1489147853 -1.57772181044e-30
-11.5445333462 19.1489147853 -1.57772181044e-30
-24.6476782733 -15.7519201666 0.0
-24.6476782733 15.7519201666 0.0
-16.8711557067 -18.1339743653 0.0
-16.8711557067 18.1339743653 0.0
-35.3570669692 -9.35251056312 3.15544362088e-30
-35.3570669692 9.35251056312 3.15544362088e-30
-28.7777922166 -13.8909923614 0.0
-28.7777922166 13.8909923614 0.0
-31.2080079953 -12.5105978771 1.57772181044e-30
-31.2080079953 12.5105978771 1.57772181044e-30
-14.4100087796 -18.6571142394 0.0
-14.4100087796 18.6571142394 0.0
-33.3866261803 -11.0151394941 0.0
-33.3866261803 11.0151394941 0.0
-30.3367229249 -13.0353676797 1.57772181044e-30
-30.3367229249 13.0353676797 1.57772181044e-30
-39.3464449082 -3.60059970992 3.15544362088e-30
-39.3464449082 3.60059970992 3.15544362088e-30
-30.2550083262 -13.0827603278 0.0
-30.2550083262 13.0827603278 0.0
-35.7669096023 -8.95444271718 3.15544362088e-30
-35.7669096023 8.95444271718 3.15544362088e-30
-26.1723043884 -15.1245701013 0.0
-26.1723043884 15.1245701013 0.0
-20.1710753237 -17.2708404564 0.0
-20.1710753237 17.2708404564 0.0
-25.8749757266 -15.2519312806 1.57772181044e-30
-25.8749757266 15.2519312806 1.57772181044e-30
-35.1463520252 -9.54900438948 0.0
-35.1463520252 9.54900438948 0.0
-31.645765224 -12.2325952213 0.0
-31.645765224 12.2325952213 0.0
-25.1229233065 -15.5630871338 -1.57772181044e-30
-25.1229233065 15.5630871338 -1.57772181044e-30
-21.7679828882 -16.7791158958 0.0
-21.7679828882 16.7791158958 0.0
-25.0385105693 -15.5970589253 0.0
-25.0385105693 15.5970589253 0.0
-33.2486726446 -11.1189676609 0.0
-33.2486726446 11.1189676609 0.0
-27.9669282415 -14.2990465131 0.0
-27.9669282415 14.2990465131 0.0
-16.6920433436 -18.175365808 0.0
-16.6920433436 18.175365808 0.0
-34.7373582668 -9.91609727466 0.0
-34.7373582668 9.91609727466 0.0
-20.971717253 -17.0307594917 0.0
-20.971717253 17.0307594917 0.0
-11.8233255892 -19.1063403875 -1.57772181044e-30
-11.8233255892 19.1063403875 -1.57772181044e-30
-39.7376260067 -2.2869783203 0.0
-39.7376260067 2.2869783203 0.0
-29.9704972919 -13.2454642432 1.57772181044e-30
-29.9704972919 13.2454642432 1.57772181044e-30
-17.5976064738 -17.9605417958 0.0
-17.5976064738 17.9605417958 0.0
-16.9925732203 -18.1056100101 0.0
-16.9925732203 18.1056100101 0.0
-23.1922965142 -16.2950712057 0.0
-23.1922965142 16.2950712057 0.0
-18.9514264984 -17.6128038205 0.0
-18.9514264984 17.6128038205 0.0
-14.0649674575 -18.7228249099 1.57772181044e-30
-14.0649674575 18.7228249099 1.57772181044e-30
-18.5588846461 -17.7169960821 0.0
-18.5588846461 17.7169960821 0.0
-20.5272668666 -17.1656001569 0.0
-20.5272668666 17.1656001569 0.0
-30.2820876202 -13.0670881355 0.0
-30.2820876202 13.0670881355 0.0
-34.810529273 -9.85173908164 0.0
-34.810529273 9.85173908164 0.0
-12.2219449909 -19.0435294827 0.0
-12.2219449909 19.0435294827 0.0
-29.1067931104 -13.7185512612 1.57772181044e-30
-29.1067931104 13.7185512612 1.57772181044e-30
-37.6915477302 -6.69602922824 0.0
-37.6915477302 6.69602922824 0.0
-34.4134579585 -10.1945317615 0.0
-34.4134579585 10.1945317615 0.0
-23.4272998032 -16.2108113919 0.0
-23.4272998032 16.2108113919 0.0
-29.4439379781 -13.5374897631 1.57772181044e-30
-29.4439379781 13.5374897631 1.57772181044e-30
-18.6241230932 -17.6998731564 -1.57772181044e-30
-18.6241230932 17.6998731564 -1.57772181044e-30
-19.7942839569 -17.3794873531 0.0
-19.7942839569 17.3794873531 0.0
-17.6222609119 -17.9544974892 -1.57772181044e-30
-17.6222609119 17.9544974892 -1.57772181044e-30
-26.7040930533 -14.8903610954 0.0
-26.7040930533 14.8903610954 0.0
-33.5334084137 -10.9031018541 0.0
-33.5334084137 10.9031018541 0.0
-31.9593830243 -12.0270303557 1.57772181044e-30
-31.9593830243 12.0270303557 1.57772181044e-30
-38.2181220692 -5.90286255783 0.0
-38.2181220692 5.90286255783 0.0
-27.1934549553 -14.6672765672 0.0
-27.1934549553 14.6672765672 0.0
-24.6861541367 -15.7368500179 0.0
-24.6861541367 15.7368500179 0.0
-35.2513612756 -9.45173963108 0.0
-35.2513612756 9.45173963108 0.0
-24.3822827125 -15.8548438161 0.0
-24.3822827125 15.8548438161 0.0
-11.7160428821 -19.1228550378 0.0
-11.7160428821 19.1228550378 0.0
-10.5228989332 -19.2955214884 1.57772181044e-30
-10.5228989332 19.2955214884 1.57772181044e-30
-31.0577794967 -12.6037130713 0.0
-31.0577794967 12.6037130713 0.0
-19.8859287093 -17.3533126475 0.0
-19.8859287093 17.3533126475 0.0
-39.5045503432 -3.13809266042 0.0
-39.5045503432 3.13809266042 0.0
-39.4693562834 -3.24691833041 0.0
-39.4693562834 3.24691833041 0.0
-36.9075497431 -7.71091388816 0.0
-36.9075497431 7.71091388816 0.0
-28.6234347891 -13.9704955252 0.0
-28.6234347891 13.9704955252 0.0
-22.3195306854 -16.5969767577 0.0
-22.3195306854 16.5969767577 0.0
-18.4636973159 -17.7418423608 1.57772181044e-30
-18.4636973159 17.7418423608 1.57772181044e-30
-31.2066040196 -12.5114733901 -1.57772181044e-30
-31.2066040196 12.5114733901 -1.57772181044e-30
-18.5081458276 -17.7302604185 0.0
-18.5081458276 17.7302604185 0.0
-17.5529314246 -17.9714676529 0.0
-17.5529314246 17.9714676529 0.0
-16.6175360405 -18.1924262809 0.0
-16.6175360405 18.1924262809 0.0
-14.3398214693 -18.6706288072 0.0
-14.3398214693 18.6706288072 0.0
-12.7535009863 -18.9561877272 0.0
-12.7535009863 18.9561877272 0.0
-13.9329492291 -18.7474860033 1.57772181044e-30
-13.9329492291 18.7474860033 1.57772181044e-30
-17.3350843913 -18.024253446 1.57772181044e-30
-17.3350843913 18.024253446 1.57772181044e-30
-32.2055955492 -11.861699028 0.0
-32.2055955492 11.861699028 0.0
-36.6593341689 -8.00145640324 0.0
-36.6593341689 8.00145640324 0.0
-38.1315796672 -6.04116363138 0.0
-38.1315796672 6.04116363138 0.0
-11.5719314115 -19.1447799896 0.0
-11.5719314115 19.1447799896 0.0
-35.4576941273 -9.25678031466 3.15544362088e-30
-35.4576941273 9.25678031466 3.15544362088e-30
-14.7989709904 -18.5808399812 0.0
-14.7989709904 18.5808399812 0.0
-33.2129657804 -11.1456146541 0.0
-33.2129657804 11.1456146541 0.0
-33.685927403 -10.7849234467 0.0
-33.685927403 10.7849234467 0.0
-37.7176249313 -6.65921860176 0.0
-37.7176249313 6.65921860176 0.0
-26.4858577677 -14.9874892686 0.0
-26.4858577677 14.9874892686 0.0
-18.9095237421 -17.6240596334 0.0
-18.9095237421 17.6240596334 0.0
-11.5943246567 -19.1413925549 1.57772181044e-30
-11.5943246567 19.1413925549 1.57772181044e-30
-35.7961626466 -8.92517142386 0.0
-35.7961626466 8.92517142386 0.0
-17.8025206019 -17.9099850657 0.0
-17.8025206019 17.9099850657 0.0
-28.7869331678 -13.8862565041 1.57772181044e-30
-28.7869331678 13.8862565041 1.57772181044e-30
-31.3993884866 -12.3903026867 0.0
-31.3993884866 12.3903026867 0.0
-21.1771689036 -16.9670822273 0.0
-21.1771689036 16.9670822273 0.0
-33.6105607734 -10.8435488252 0.0
-33.6105607734 10.8435488252 0.0
-14.8756741849 -18.5655212528 0.0
-14.8756741849 18.5655212528 0.0
-15.7161117663 -18.3916001951 0.0
-15.7161117663 18.3916001951 0.0
-32.2820455029 -11.8096310077 3.15544362088e-30
-32.2820455029 11.8096310077 3.15544362088e-30
-29.1423233674 -13.6996805506 0.0
-29.1423233674 13.6996805506 0.0
-15.887785813 -18.3546878342 0.0
-15.887785813 18.3546878342 0.0
-35.4949270033 -9.22103786228 -3.15544362088e-30
-35.4949270033 9.22103786228 -3.15544362088e-30
-11.5992318018 -19.1406492942 0.0
-11.5992318018 19.1406492942 0.0
-32.0652656082 -11.956365893 0.0
-32.0652656082 11.956365893 0.0
-21.9158800472 -16.7309160072 0.0
-21.9158800472 16.7309160072 0.0
-13.432351896 -18.8386034683 0.0
-13.432351896 18.8386034683 0.0
-18.1100394761 -17.8327400459 1.57772181044e-30
-18.1100394761 17.8327400459 1.57772181044e-30
-32.0929052952 -11.9378120872 0.0
-32.0929052952 11.9378120872 0.0
-15.1463064944 -18.5107360711 1.57772181044e-30
-15.1463064944 18.5107360711 1.57772181044e-30
-27.3087301295 -14.6136345472 0.0
-27.3087301295 14.6136345472 0.0
-18.8358448622 -17.6437733232 0.0
-18.8358448622 17.6437733232 0.0
-14.8592183033 -18.5688154672 1.57772181044e-30
-14.8592183033 18.5688154672 1.57772181044e-30
-24.0644062369 -15.9757969478 0.0
-24.0644062369 15.9757969478 0.0
-38.7741209655 -4.91343930845 0.0
-38.7741209655 4.91343930845 0.0
-12.2742040143 -19.0351248736 -1.57772181044e-30
-12.2742040143 19.0351248736 -1.57772181044e-30
-30.3015179627 -13.0558225436 0.0
-30.3015179627 13.0558225436 0.0
-38.0855121548 -6.1133821226 0.0
-38.0855121548 6.1133821226 0.0
-17.1423734709 -18.070272769 1.57772181044e-30
-17.1423734709 18.070272769 1.57772181044e-30
-16.6012326544 -18.1961470809 0.0
-16.6012326544 18.1961470809 0.0
-11.8693955824 -19.0991979446 1.57772181044e-30
-11.8693955824 19.0991979446 1.57772181044e-30
-16.9177926611 -18.1231088081 0.0
-16.9177926611 18.1231088081 0.0
-15.4705533746 -18.4435759703 0.0
-15.4705533746 18.4435759703 0.0
-37.1517098666 -7.41199119649 0.0
-37.1517098666 7.41199119649 0.0
-14.2874291804 -18.6806675966 0.0
-14.2874291804 18.6806675966 0.0
-30.6697822474 -12.8390464687 0.0
-30.6697822474 12.8390464687 0.0
-19.1235440146 -17.5662322676 1.57772181044e-30
-19.1235440146 17.5662322676 1.57772181044e-30
-14.6975621695 -18.6009520339 0.0
-14.6975621695 18.6009520339 0.0
-20.8376443463 -17.0718524046 0.0
-20.8376443463 17.0718524046 0.0
-36.1927024541 -8.5159892125 0.0
-36.1927024541 8.5159892125 0.0
-18.6126845747 -17.7028809302 -1.57772181044e-30
-18.6126845747 17.7028809302 -1.57772181044e-30
-11.9740769059 -19.0828554091 -1.57772181044e-30
-11.9740769059 19.0828554091 -1.57772181044e-30
-12.3269866426 -19.0265958615 1.57772181044e-30
-12.3269866426 19.0265958615 1.57772181044e-30
-31.2420448499 -12.4893417921 1.57772181044e-30
-31.2420448499 12.4893417921 1.57772181044e-30
-27.2918110476 -14.6215342025 0.0
-27.2918110476 14.6215342025 0.0
-37.9806766045 -6.27431678876 0.0
-37.9806766045 6.27431678876 0.0
-32.8493807342 -11.4118160844 0.0
-32.8493807342 11.4118160844 0.0
-35.6669137008 -9.05360794189 0.0
-35.6669137008 9.05360794189 0.0
-11.2993530743 -19.1854412257 0.0
-11.2993530743 19.1854412257 0.0
-32.0104968005 -11.992998943 1.57772181044e-30
-32.0104968005 11.992998943 1.57772181044e-30
-21.1953220835 -16.9614144588 0.0
-21.1953220835 16.9614144588 0.0
-21.5075193216 -16.8628779619 0.0
-21.5075193216 16.8628779619 0.0
-39.2013268718 -3.97668113801 -3.15544362088e-30
-39.2013268718 3.97668113801 -3.15544362088e-30
-19.4357273768 -17.4803639932 0.0
-19.4357273768 17.4803639932 0.0
-28.2853279091 -14.1416072732 0.0
-28.2853279091 14.1416072732 0.0
-12.0317327871 -19.0737870266 0.0
-12.0317327871 19.0737870266 0.0
-22.6545752996 -16.4830990563 1.57772181044e-30
-22.6545752996 16.4830990563 1.57772181044e-30
-18.5225796071 -17.7264917898 0.0
-18.5225796071 17.7264917898 0.0
-36.0574461002 -8.65824146019 3.15544362088e-30
-36.0574461002 8.65824146019 3.15544362088e-30
-32.3873067178 -11.7373587698 0.0
-32.3873067178 11.7373587698 0.0
-27.2449323798 -14.6433744371 1.57772181044e-30
-27.2449323798 14.6433744371 1.57772181044e-30
-34.2896177049 -10.2983265346 0.0
-34.2896177049 10.2983265346 0.0
-34.2805214915 -10.305894506 -3.15544362088e-30
-34.2805214915 10.305894506 -3.15544362088e-30
-39.579487914 -2.89240974219 0.0
-39.579487914 2.89240974219 0.0
-12.7754999488 -18.952484013 1.57772181044e-30
-12.7754999488 18.952484013 1.57772181044e-30
-12.5827761025 -18.9846895257 1.57772181044e-30
-12.5827761025 18.9846895257 1.57772181044e-30
-32.1590164401 -11.893250834 0.0
-32.1590164401 11.893250834 0.0
-24.3700380846 -15.8595495188 0.0
-24.3700380846 15.8595495188 0.0
-26.262726072 -15.085334097 1.57772181044e-30
-26.262726072 15.085334097 1.57772181044e-30
-34.9745892685 -9.70538646191 3.15544362088e-30
-34.9745892685 9.70538646191 3.15544362088e-30
-34.1239572793 -11.5824669171 -1.01070262581
29.8762493375 -10.6216879398 -1.28162613063
-35.8033940184 -10.4109430441 -1.00635832141
31.5197403222 -9.40027986689 -1.29134833122
-30.3635434352 -13.6754811661 -1.02165479076
26.1803979302 -12.8266365603 -1.26101468631
-37.0002220034 -9.44673920029 -1.00356123256
32.6870673348 -8.40058503731 -1.29855910314
-24.6720620756 -15.9392066607 -1.04032008149
20.5594773166 -15.2601852254 -1.23179270054
-28.5159148454 -14.5087767217 -1.02748671411
24.3586317396 -13.7150175218 -1.25131345209
-34.5767731146 -11.2842981295 -1.00949039922
30.3199050461 -10.310061211 -1.28420881699
-27.7660241397 -14.8177286834 -1.0299212896
23.6183590039 -14.0463400005 -1.24743991822
-39.4945164712 -6.88419987112 -0.999009672473
35.1032673837 -5.7643287602 -1.31479448197
-23.3510388594 -16.3513465619 -1.04491413259
19.2514290052 -15.7117930719 -1.22525745518
-10.5661250848 -18.7693587586 -1.09300458822
6.54490872037 -18.5124858135 -1.16543843641
-40.9433021977 -4.70696991596 -0.997957412535
36.4860034684 -3.54459165117 -1.32572852416
-28.2398342538 -14.6243646949 -1.02837876988
24.0861474941 -13.8388406179 -1.24988334179
-40.7767687075 -5.00710799703 -0.997963138144
36.3285601675 -3.84959331169 -1.3243628022
-28.4430581616 -14.539492659 -1.02772163305
24.286730507 -13.7479065828 -1.25093558672
-9.61703619311 -18.8528991365 -1.09679630174
5.59875704442 -18.6244777761 -1.1612072818
-30.415912584 -13.6502406384 -1.02149323754
26.2319853281 -12.7998354241 -1.26129319842
-30.2192917223 -13.7445181916 -1.02210092038
26.0382848927 -12.8999725286 -1.26024858638
-24.1391677279 -16.1099056377 -1.04216303222
20.031950457 -15.446803376 -1.22914671217
-32.320335995 -12.6629997268 -1.01577854939
28.1058967508 -11.755873685 -1.27157282919
-34.1700058578 -11.5526862913 -1.01057809917
29.9213826463 -10.5905384803 -1.28188759207
-24.7278171256 -15.9209902497 -1.04012808357
20.6146600688 -15.2403034024 -1.23207032076
-18.5394983324 -17.5685059446 -1.06230307524
14.4786172656 -17.0728339302 -1.20207424276
-36.1448095832 -10.1484601107 -1.0055313554
31.8531178701 -9.1276668562 -1.29337787654
-27.2877436494 -15.0067092091 -1.031492706
23.1459704895 -14.2495920862 -1.24498699482
-24.2233630924 -16.0833423139 -1.04187091353
20.1153099875 -15.4177246975 -1.22956388118
-39.6010800858 -6.74927242574 -0.998874013902
35.2057301993 -5.62626338432 -1.31554366699
-20.8484981295 -17.036636477 -1.05383765568
16.7706004106 -16.4718939405 -1.2130855482
-36.4393367216 -9.91431447605 -1.00483577689
32.1404792875 -8.88478583898 -1.29514552893
-37.6049429179 -8.90656122485 -1.00227039201
33.2752905178 -7.84249843828 -1.30231819311
-34.532186435 -11.314194202 -1.00960852137
30.2762364445 -10.3412821827 -1.28395333987
-23.1289373992 -16.4170811589 -1.04569474308
19.0314021304 -15.7841649538 -1.22416646299
-38.5142886287 -8.00813510013 -1.0005283141
34.1572406179 -6.91718116042 -1.30815896789
-40.13266349 -6.02724036644 -0.99831040944
35.7153865905 -4.88860010509 -1.31938780353
-33.5623897539 -11.9363098939 -1.01224281037
29.325563234 -10.9922282049 -1.27845796084
-36.8379551423 -9.58510109004 -1.00392282494
32.5290295486 -8.54375537984 -1.29756479276
-25.9604599181 -15.5003311427 -1.03592477941
21.834111921 -14.7828331488 -1.23824714052
-2.80983357885 -19.1118578842 -1.12477789395
-1.19759790856 -19.0876548039 -1.13160275533
-26.4297042459 -15.3308266853 -1.03434630217
22.2980533405 -14.5993195921 -1.24061899354
-40.860179305 -4.85908672946 -0.997954940046
36.4074871133 -3.69913501295 -1.32504180589
-27.1611775977 -15.0557043509 -1.03191088902
23.0209331504 -14.3023643292 -1.24434009889
-35.0918993198 -10.9299041498 -1.00814647074
30.8241542201 -9.94036424272 -1.28718007381
-27.3030625694 -15.0007506295 -1.03144215697
23.1611035271 -14.2431763581 -1.24506535398
-11.1501120713 -18.711990742 -1.09068527747
7.12690924591 -18.4376138489 -1.16805494445
-30.1573151337 -13.7739612289 -1.02229310045
25.9772206159 -12.9312626705 -1.25991991403
-25.7020933214 -15.5914076702 -1.03679909644
21.5785974449 -14.8816241223 -1.23694611361
-17.9817271375 -17.6835891418 -1.0643789699
13.9245542728 -17.204608119 -1.19944355864
-40.656891857 -5.21246225491 -0.997991972565
36.214905494 -4.05845337356 -1.32340305889
-35.2184430924 -10.8402051679 -1.00782242654
30.9479466892 -9.84690718232 -1.2879157445
-39.1990186013 -7.24388709523 -0.999419265657
34.8187065025 -6.13272389766 -1.31274859011
-32.5635747133 -12.5263142937 -1.01507312479
28.3449202379 -11.6119484723 -1.27290890061
-35.9631149301 -10.2893015154 -1.00596878614
31.6757355281 -9.27389876899 -1.29229527471
-32.5149459538 -12.5538496013 -1.01521367202
28.2971404699 -11.6409310766 -1.27264133453
-20.9241681526 -17.0176340693 -1.05356386115
16.8456655473 -16.450628678 -1.21344984064
-40.8399112361 -4.89546560235 -0.997955982605
36.3883208776 -3.73610587847 -1.32487591649
-32.1710101168 -12.7456370236 -1.01621455968
27.9591203405 -11.8429561058 -1.27075538932
-39.022484106 -7.44953141203 -0.999685305945
34.6484284442 -6.34357460718 -1.31154651526
-23.0043768721 -16.4535123492 -1.04613353465
18.9079920345 -15.8243187097 -1.22355555374
-19.1105888877 -17.4453930903 -1.06018981182
15.0457524303 -16.9326338913 -1.20477927787
-16.3702340122 -17.9883389305 -1.07044067575
12.3229414054 -17.5575934502 -1.19190365313
-30.076702876 -13.8120631637 -1.02254351584
25.8977891559 -12.9717672013 -1.25949283778
-29.793370467 -13.9442637545 -1.02342763516
25.6185553478 -13.1124131054 -1.25799552086
-21.4694066742 -16.8776378497 -1.05159814563
17.3864532182 -16.2943288996 -1.21608145438
-7.904614237 -18.9737414643 -1.10370666927
3.89073691987 -18.7966682012 -1.15363834989
-31.1967368723 -13.2623057547 -1.0191112762
27.0008053275 -12.3886370896 -1.26547113875
-34.8163460003 -11.1215720578 -1.00886053185
30.5544821839 -10.1402171408 -1.28558610542
-28.23828644 -14.6250065884 -1.02838378527
24.0846196585 -13.8395286834 -1.24987533744
-30.8773684921 -13.4236527857 -1.02007934969
26.6864272543 -12.5594980004 -1.26375645823
-27.4217614521 -14.9543708425 -1.03105096139
23.2783558006 -14.1932544433 -1.24567297884
-19.5306166314 -17.3513689043 -1.05864357405
15.4627666211 -16.8260439287 -1.20677637764
-38.9529915623 -7.52873996589 -0.999794059539
34.5813463832 -6.42483343582 -1.31107712586
-20.2172097525 -17.1911877517 -1.05613102076
16.1442388682 -16.6453252105 -1.21005507228
-25.3329770901 -15.7188166022 -1.03805444852
21.2134745708 -15.0200555421 -1.2350933096
-38.5420497335 -7.9787889107 -1.00047956332
34.184107748 -6.88701488521 -1.30834146751
-35.6616624897 -10.517243858 -1.00670777297
31.3812656063 -9.51078717139 -1.2905116232
-40.4506441857 -5.54777007039 -0.99808317855
36.0188222954 -4.39980102955 -1.32179113148
-22.1787864378 -16.6872452045 -1.04905972601
18.0897943855 -16.0827283139 -1.21952331711
-36.3387575105 -9.99510946768 -1.00507138183
32.0423722275 -8.96856353335 -1.29454006188
-37.9385975096 -8.5901251396 -1.0016006678
33.5992900284 -7.51618956872 -1.30443242795
-29.8580851932 -13.9143018273 -1.02322515795
25.682340942 -13.0805221156 -1.25833700686
-37.8331830244 -8.69163337698 -1.00180871608
33.4969720279 -7.62081631174 -1.30376111011
-40.258654168 -5.84216948856 -0.998209041951
35.8357615764 -4.69983075554 -1.32032934282
-39.5132517103 -6.86068897811 -0.998985334302
35.1212879899 -5.74026608391 -1.31492573739
-40.5420263266 -5.40182754153 -0.998036709202
36.1057796282 -4.25118124657 -1.32249960275
-33.8421901912 -11.7621277496 -1.01147051737
29.6000056841 -10.8097256982 -1.28003187004
-22.870871832 -16.492215837 -1.04660462951
18.7757097108 -15.8670122301 -1.22290152653
-37.2441921208 -9.23363896786 -1.00302929181
32.9245266581 -8.18025752688 -1.30006513319
-20.3011388353 -17.1710462559 -1.05582518256
16.2275251264 -16.6226734574 -1.2104570844
-34.4888287919 -11.3431514072 -1.00972365265
30.233768125 -10.3715278178 -1.2837051556
-34.8755629369 -11.0807959518 -1.00870612291
30.6124476474 -10.0976818782 -1.28592774905
-40.5603444314 -5.37208405293 -0.998028522629
36.1231960829 -4.22090130637 -1.3226426865
-39.8215402956 -6.4603532694 -0.998615956923
35.4174128808 -5.33085684572 -1.31711494265
-37.6712521586 -8.84478522692 -1.00213472594
33.3397143242 -7.77875985976 -1.30273594174
-6.26960395042 -19.0538463031 -1.11038614842
2.25886994744 -18.9258158035 -1.14648859498
-19.3587584088 -17.3901996993 -1.05927539987
15.2921522326 -16.8700159647 -1.20595846001
-40.6644964107 -5.19967836158 -0.997989581881
36.2221226353 -4.04544697511 -1.3234634109
-40.445594863 -5.55571941279 -0.998086011264
36.0140140199 -4.40789835543 -1.32175223534
-34.4547359816 -11.3658419927 -1.0098143646
30.2003722333 -10.395231552 -1.28351017666
-32.0633159183 -12.804646061 -1.01653037271
27.8532471275 -11.9051712435 -1.27016713602
-5.48843610022 -19.0801129774 -1.1136051782
1.47884329388 -18.9755193218 -1.14309882912
-30.7406249485 -13.4915907058 -1.02049649586
26.5517859873 -12.6315099826 -1.26302478742
-30.4680899291 -13.6249978044 -1.02133249494
26.2833809394 -12.7730377401 -1.26157089735
-40.0112502285 -6.20009270669 -0.998420789381
35.5992199549 -5.06501902399 -1.31849246831
-24.6767737225 -15.9376699035 -1.04030385037
20.5641406801 -15.2585077293 -1.2318161554
-40.8655751909 -4.84935592452 -0.997954768321
36.4125882869 -3.68924662486 -1.32508606996
-34.5427057831 -11.3071516339 -1.00958062777
30.2865395152 -10.3339270259 -1.28401359104
-40.2843364194 -5.8036859797 -0.998190130763
35.8602763374 -4.66059368296 -1.32052292392
-33.304685238 -12.0931655647 -1.01296236647
29.0726863154 -11.156748787 -1.27701614093
-35.0828393892 -10.9362849738 -1.00816976594
30.8152900324 -9.94701414575 -1.28712749324
-39.9706989018 -6.25669717512 -0.998460260041
35.5603871134 -5.12281521732 -1.3181958926
-28.0477531563 -14.7035067547 -1.02900236282
23.8965301587 -13.9237127815 -1.24889114185
-38.7198663408 -7.78774537656 -1.00017440534
34.3561058966 -6.6907198889 -1.30951713349
-39.2870907489 -7.13879366221 -0.999292312364
34.9035822985 -6.02503414883 -1.31335375419
-34.8106915857 -11.1254539787 -1.00887530271
30.5489469183 -10.1442670426 -1.28555350851
-9.73303704136 -18.8433276467 -1.09633138909
5.71441809249 -18.6114285493 -1.16172303244
-31.5798487373 -13.0636528984 -1.01796177116
27.3777776064 -12.1785737567 -1.26753919613
-27.541332104 -14.9072724941 -1.03065776593
23.3964578671 -14.1425881228 -1.24628589147
-38.5245658528 -7.99728581026 -1.00051023241
34.1671873331 -6.90602826629 -1.30822649749
-35.2623296306 -10.8088430757 -1.00771063114
30.9908714309 -9.81424186849 -1.28817143566
-37.8271025505 -8.69744430899 -1.00182081881
33.4910688359 -7.62680714402 -1.30372248399
-15.1592289131 -18.1911819519 -1.07505639347
11.1185750571 -17.7966963251 -1.18629470233
-27.5558893243 -14.9015123979 -1.03060995629
23.4108355103 -14.1363936529 -1.24636056791
-6.17408711891 -19.0574727228 -1.11077879526
2.16350511054 -18.9323077623 -1.14607320801
-13.0303298544 -18.4958048389 -1.08329071147
8.99978574904 -18.1650860325 -1.17654784994
-40.4913562319 -5.48324259578 -0.998061339034
36.0575778045 -4.33408057823 -1.32210569132
-36.2964959096 -10.0287964716 -1.00517098332
32.0011415226 -9.00350393407 -1.29428622657
-22.3481385715 -16.6403810339 -1.04845698288
18.2576625207 -16.0308017512 -1.22034808339
-39.5720860835 -6.78627517881 -0.998910250665
35.177860704 -5.66411977921 -1.31533919112
-17.3675783864 -17.8045287705 -1.06667803352
13.3143150515 -17.3439284106 -1.1965595846
-30.3716493219 -13.6715805571 -1.02162977062
26.1883830012 -12.8224943918 -1.26105778187
-33.8658321283 -11.7472198175 -1.01140570158
29.6231891786 -10.7941148169 -1.28016527408
-24.4259485393 -16.0188052877 -1.04116947369
20.3158656199 -15.3471356678 -1.23056900449
-14.5961755176 -18.2780938714 -1.07721955444
10.5583860787 -17.9004704973 -1.18370299177
-37.7808249833 -8.74151499315 -1.00191329
33.4461358649 -7.672247092 -1.30342884582
-28.3156327525 -14.592847059 -1.0281333521
24.1609651349 -13.8050619139 -1.25027550714
-5.8431965951 -19.0691413003 -1.11214107283
1.83311427235 -18.953903577 -1.14463617174
-19.4039378827 -17.3800400317 -1.05910918839
15.3370061737 -16.8585047045 -1.20617337493
-21.5341266275 -16.8606579598 -1.05136565178
17.450633972 -16.2754139364 -1.21639461864
-38.014789254 -8.51583579407 -1.00145242203
33.6732160251 -7.43964663719 -1.3049196555
-40.7317323947 -5.08523661324 -0.997971707889
36.2858908722 -3.92903857529 -1.32400009954
-22.1977941303 -16.6820127009 -1.04899201215
18.1086363411 -16.0769276067 -1.2196158271
-31.9133669429 -12.8859993857 -1.01697196565
27.705809335 -11.9909889749 -1.26934984138
-34.9552504229 -11.0255695964 -1.00849915574
30.690440395 -10.0400884078 -1.28638826849
-32.6306663232 -12.4881509539 -1.01487961746
28.4108353022 -11.57178842 -1.27327843262
-14.8730834616 -18.2359298826 -1.07615438064
10.8339027031 -17.8500134429 -1.18497632292
-36.4965319606 -9.86797248012 -1.00470271587
32.1962567851 -8.83674788242 -1.29549070027
-39.6296195266 -6.71263185888 -0.998838848783
35.2331562169 -5.58878265711 -1.31574541296
-32.5045868384 -12.5597016986 -1.01524364343
28.2869618021 -11.6470914897 -1.27258436609
-4.05459892291 -19.1083014295 -1.11955998749
0.0464993328704 -19.0467352378 -1.13692061758
-36.0637935501 -10.2115903007 -1.00572563884
31.7740345781 -9.19320047702 -1.29289443293
-37.4973352838 -9.00569068433 -1.00249314429
33.1707089073 -7.94481330881 -1.30164271307
-20.1280242751 -17.2124556568 -1.05645632528
16.055732419 -16.6692606487 -1.20962817737
-5.26174717588 -19.0862916389 -1.11454265167
1.25244217157 -18.9884998268 -1.14211829717
-37.7383453368 -8.78172937404 -1.00199872559
33.4048832722 -7.71371847157 -1.30315982894
-5.20182587133 -19.0878165736 -1.1147907068
1.19259368994 -18.9918227603 -1.1418593469
-21.7491633612 -16.803681844 -1.05059446615
17.6638623801 -16.2120086516 -1.21743635048
-3.08356840411 -19.1127392241 -1.12362658719
-0.92396004115 -19.0803189176 -1.13276856809
-25.7891426277 -15.5608981358 -1.03650411316
21.6646911001 -14.8485153444 -1.23738407325
-35.8916722383 -10.3439574721 -1.0061424556
31.6059667243 -9.33067461 -1.29187117246
35.9714644907 -4.47902428469 -1.32140925715
-40.4009281459 -5.62553604102 -0.998112233924
27.1537852667 -12.3040850446 -1.26630877765
-31.3521874786 -13.1823839069 -1.01864327737
9.49089107809 -18.0854823348 -1.1787936688
-13.5236047548 -18.4309787784 -1.08136948531
12.3909794052 -17.5434223505 -1.19222205137
-16.4386669831 -17.9762165497 -1.07018136971
17.1791496257 -16.3548918579 -1.21507116489
-21.2603774581 -16.9319507687 -1.05235026207
22.9034653334 -14.3515576869 -1.24373325239
-27.042285152 -15.1013494393 -1.03230459477
28.815424996 -11.3206815293 -1.27555727138
-33.0426159549 -12.249302052 -1.01370190963
31.6788044776 -9.27139187204 -1.29231395177
-35.9662577941 -10.286887871 -1.00596116756
26.9382651632 -12.4229347599 -1.26512932109
-31.1331947262 -13.2947106617 -1.01930318591
16.2622650216 -16.6131882795 -1.21062485447
-20.3361479675 -17.1626081589 -1.05569769342
16.372949148 -16.5828227538 -1.21115971851
-20.4476942592 -17.1355787836 -1.05529181918
14.560561913 -17.0529117475 -1.20246431554
-18.6220044226 -17.5510525166 -1.06199700073
32.6029569514 -8.47711722878 -1.29802914145
-36.9138507871 -9.520712101 -1.00375294779
-1.5203689448 -19.095103059 -1.13023039826
-2.48698436432 -19.1096140086 -1.12613855464
14.5963066405 -17.0441863218 -1.20263454899
-18.6579951137 -17.5434039919 -1.06186356624
28.6422108865 -11.4291689384 -1.2745793776
-32.8662213676 -12.3525410924 -1.01420396753
5.16517079649 -18.6718183571 -1.15927749889
-9.18222350889 -18.8872032059 -1.09854259574
15.1322451888 -16.9107721035 -1.20519292722
-19.1976992972 -17.4261374547 -1.05986857013
22.5495329241 -14.497562861 -1.24190993235
-26.6841268505 -15.23666462 -1.03349567298
21.6694331228 -14.8466864801 -1.23740820809
-25.7939374449 -15.5592124397 -1.03648787697
13.2568620975 -17.3567358044 -1.19628877828
-17.3097666493 -17.8156057965 -1.06689516178
9.59239478034 -18.0685998049 -1.17925883685
-13.62556978 -18.417150746 -1.08097333645
29.0884878866 -11.1465679278 -1.27710600616
-33.3207854814 -12.0834636194 -1.01291718603
25.7361858771 -13.0534926135 -1.25862552483
-29.9127177206 -13.8889008023 -1.02305447281
32.1684117304 -8.86076651954 -1.29531829884
-36.4679780258 -9.89114444867 -1.00476906073
32.1818804465 -8.84915796611 -1.29540166828
-36.4817893489 -9.87994542655 -1.00473694923
12.8838149039 -17.4386156924 -1.19453336517
-16.9344282817 -17.8862508284 -1.06830778906
9.11829665963 -18.1461907499 -1.17708907285
-13.1493548752 -18.4804754749 -1.08282640533
22.6160664833 -14.4703674892 -1.2422521065
-26.7514472627 -15.2114786805 -1.03327122104
14.1629464874 -17.1485329293 -1.20057400423
-18.2216961608 -17.6346951698 -1.06348443292
16.7335882988 -16.4823409174 -1.21290601606
-20.8111889163 -17.0459677331 -1.05397273805
26.3763595705 -12.7243129628 -1.26207384382
-30.5624901568 -13.5790859816 -1.02104223558
25.2148819801 -13.3110604862 -1.25584173576
-29.3839124482 -14.1307043069 -1.02471597027
35.3032817464 -5.49189993367 -1.31626367894
-39.7026234536 -6.61789781245 -0.998751224005
4.81710725012 -18.7080265761 -1.15773250248
-8.83322934026 -18.9129471087 -1.09994836042
9.78553408478 -18.0360669446 -1.18014489496
-13.8195991689 -18.3904301097 -1.08022044517
27.6598813985 -12.0175287978 -1.26909569417
-31.8666625525 -12.9111486007 -1.01710994647
-0.384509675561 -19.0631091872 -1.13507320285
-3.62329244532 -19.1117301927 -1.12136289743
36.1581738367 -4.15954953732 -1.32293129177
-40.5971492058 -5.31180989203 -0.998013260536
3.05855419695 -18.8668041033 -1.14998239922
-7.07070011793 -19.0188657155 -1.10710358327
34.8778743709 -6.0578411621 -1.3131700201
-39.2604090055 -7.17081419529 -0.999330352456
35.7628201078 -4.81496972416 -1.31975707354
-40.182287218 -5.95506702083 -0.998268820006
26.4411162097 -12.6901893175 -1.26242456523
-30.6282425514 -13.5469215539 -1.02084049057
27.9278909346 -11.8613595226 -1.27058175258
-32.1392420184 -12.7630947141 -1.01630760185
15.9313107087 -16.7026728347 -1.20902859711
-20.0026550828 -17.242117951 -1.0569141514
9.86399643332 -18.022696881 -1.18050520886
-13.8984277278 -18.3794213166 -1.07991492053
33.5783571043 -7.53771754365 -1.30429480158
-37.9170273994 -8.61101505375 -1.00164296384
18.163772265 -16.0599132736 -1.21988662545
-22.2534162438 -16.6666610811 -1.04879395333
25.1360667019 -13.349216574 -1.25542267256
-29.3039866334 -14.1664773539 -1.02496888449
18.793708358 -15.8612242573 -1.22299046649
-22.8890362139 -16.4869707481 -1.04654048535
33.021231208 -8.08865207213 -1.30068279767
-37.3436045727 -9.14497764568 -1.00281676046
30.2688849482 -10.3465261111 -1.28391035878
-34.5246807443 -11.3192150925 -1.00962843321
6.69983840713 -18.4930026934 -1.16613392104
-10.7215701167 -18.754535022 -1.09238620512
8.06454567043 -18.3072619079 -1.17229276824
-12.0912410208 -18.609843058 -1.08696997537
17.8596307686 -16.153025952 -1.21839455849
-21.9466151094 -16.7506022135 -1.04988810801
15.7226564344 -16.7580892861 -1.20802452769
-19.792430377 -17.2912461397 -1.05768326628
17.4289493083 -16.2818134603 -1.21628879004
-21.5122595223 -16.8664036793 -1.05144418506
5.6402411243 -18.6198178558 -1.16139221856
-9.65864153503 -18.8494865649 -1.09662950717
7.97143611631 -18.3207480444 -1.17187069015
-11.9977683745 -18.6205281995 -1.08733773072
34.0334649618 -7.05449874857 -1.30732202906
-38.3864442448 -8.14167533727 -1.00075652469
2.05973039065 -18.9392405755 -1.14562149372
-6.0701509548 -19.0612873547 -1.11120635564
8.80088614167 -18.1963515165 -1.17564053556
-12.8305808275 -18.5210857605 -1.08407094297
2.30440242575 -18.922675284 -1.14668701832
-6.31521022782 -19.0520739699 -1.11019876627
17.0257943367 -16.3991744637 -1.2143249917
-21.1057612242 -16.9716100681 -1.05290778349
32.8745037765 -8.22720850405 -1.29974663393
-37.192781552 -9.27906721359 -1.0031401772
33.3553935594 -7.76316373276 -1.30283780519
-37.6873927769 -8.82966678348 -1.00210189067
1.2730768242 -18.9873436347 -1.14220760272
-5.28240725206 -19.0857553684 -1.11445714978
6.83252803804 -18.4760584477 -1.16673016521
-10.8547088622 -18.7415814246 -1.09185715362
9.16492101132 -18.1387023462 -1.17730212609
-13.1961831289 -18.4743899933 -1.08264385816
16.3191679493 -16.5976049047 -1.21089976535
-20.3934933069 -17.1487398931 -1.05548897241
7.14089075684 -18.4357586215 -1.16811793202
-11.1641430024 -18.7105560408 -1.09062968371
0.177415543765 -19.0412996513 -1.1374828256
-4.18561936815 -19.1067980683 -1.11901337413
19.681449241 -15.5674137471 -1.22739647203
-23.7852018437 -16.219940462 -1.04339491832
25.5926226559 -13.125339034 -1.25785677789
-29.7670612187 -13.9564054206 -1.023510041
23.7534149875 -13.9870795809 -1.24814386802
-27.9027992005 -14.7625490249 -1.02947453344
22.1490292887 -14.6588562588 -1.23985576082
-26.2789591177 -15.3858631801 -1.03485204217
5.15085213302 -18.6733393482 -1.15921386804
-9.16786561663 -18.8882937011 -1.09860035752
-0.682547609135 -19.0730682468 -1.13379888609
-3.32508976523 -19.1127384148 -1.12261256623
6.14904574517 -18.5607997408 -1.16366478504
-10.1689894276 -18.8057680928 -1.09458783179
8.15924055799 -18.2934227378 -1.172722318
-12.1863088895 -18.5988526298 -1.08659622787
1.87280176969 -18.9513827987 -1.14480862314
-5.88294191224 -19.0678129773 -1.11197727194
17.7448538833 -16.1876966234 -1.21783256414
-21.8308485927 -16.7818119389 -1.05030204217
36.2069129343 -4.07281828015 -1.3233363125
-40.6484714297 -5.22658076773 -0.997994705072
25.7113052577 -13.0659947727 -1.25849217807
-29.887472799 -13.9006504707 -1.02313331579
5.72912658365 -18.6097563511 -1.16178864934
-9.74778912727 -18.8420977143 -1.09627229447
9.96453400049 -18.0054350022 -1.18096719709
-13.9994384478 -18.3651851055 -1.07952372138
8.31391360887 -18.2705497691 -1.17342455732
-12.3415992205 -18.5806328694 -1.08598634071
25.5964716189 -13.1234219968 -1.25787736696
-29.7709660273 -13.954604784 -1.02349780706
34.2846838262 -6.77291012059 -1.30902737067
-38.6460077685 -7.86775463736 -1.00029963961
1.91838034927 -18.9484631452 -1.14500672973
-5.92858763609 -19.0662627942 -1.1117892109
3.83285528625 -18.8018360256 -1.15338339482
-7.84660347952 -18.9771694978 -1.10394230594
21.0581179794 -15.0779971007 -1.23430717529
-25.1759501891 -15.7720686214 -1.03859068541
2.40297016141 -18.9157861458 -1.14711677027
-6.41394044373 -19.0481466928 -1.10979332322
10.2499603493 -17.9556284813 -1.18228063098
-14.2862321082 -18.3239688218 -1.07841485293
29.7884062516 -10.6819663473 -1.28111805125
-34.0343432505 -11.6400813166 -1.01094575187
24.6416056936 -13.5840539447 -1.25280410115
-28.8026948906 -14.3863663617 -1.02656549986
30.9538257106 -9.8424412641 -1.28795074586
-35.2244536035 -10.8359177368 -1.00780709754
5.56790655625 -18.627928411 -1.161069784
-9.58609597079 -18.8554221617 -1.09692037428
9.52669136586 -18.0795447521 -1.17895769427
-13.559567244 -18.4261185072 -1.08122972703
22.5772201601 -14.4862598088 -1.24205229212
-26.7121411061 -15.2261977655 -1.03340223909
14.8374215969 -16.9847672002 -1.20378415204
-18.9007860909 -17.4912493257 -1.0609647151
33.1891878651 -7.92683714282 -1.30176183014
-37.5163458503 -8.98827731568 -1.00245356198
26.6788808432 -12.5635523868 -1.2637154072
-30.8697037042 -13.4274788197 -1.02010269019
7.71719042764 -18.3569624121 -1.17071957201
-11.7425495753 -18.6490944236 -1.08834326039
29.0880676671 -11.1468388424 -1.27710361593
-33.3203573141 -12.083721798 -1.01291838716
12.3844315042 -17.5447892876 -1.19219140186
-16.4320809766 -17.977386319 -1.0702063182
31.2439592477 -9.61885122441 -1.28968546558
-35.5211721782 -10.6211375932 -1.0070575748
28.2247705542 -11.6846263712 -1.27223653385
-32.4412962168 -12.5953528308 -1.01542699679
3.43077825261 -18.8365378665 -1.15161510426
-7.44366542525 -18.9997863531 -1.10558177796
28.1437777266 -11.7332401139 -1.27178416609
-32.3588797232 -12.6415134527 -1.01566636782
1.66139517544 -18.9645798663 -1.14389054507
-5.67123424997 -19.0746582016 -1.11285030679
33.5930017124 -7.52266334637 -1.30439106906
-37.9321175795 -8.59640723877 -1.00161335902
24.0922381129 -13.8360970048 -1.24991525219
-28.2460045348 -14.621805144 -1.02835877786
18.1239756904 -16.0722000623 -1.21969115195
-22.2132685618 -16.6777477368 -1.04893689715
23.7968585648 -13.967906487 -1.24837056404
-27.9467990812 -14.744688643 -1.02933106678
32.9814498666 -8.12647120144 -1.30042839625
-37.3027052149 -9.18158558641 -1.00290389383
29.5215960827 -10.8622973826 -1.27958120316
-33.7622368762 -11.8123220704 -1.01169022702
1.64840209336 -18.9653724511 -1.14383416261
-5.65822322015 -19.0750604094 -1.11290400406
23.0495711401 -14.290314985 -1.24448817467
-27.1901645943 -15.0445200801 -1.03181502866
19.7133033838 -15.5565621551 -1.22755528339
-23.8173675669 -16.2100499442 -1.04328272296
22.9656789222 -14.3255499188 -1.2440545453
-27.1052518703 -15.0772208933 -1.03209597865
5.15496618302 -18.6729026126 -1.15923214987
-9.17199092957 -18.8879806558 -1.09858376075
31.107581979 -9.72473814023 -1.28886823896
-35.3816759312 -10.7228830619 -1.00740816659
25.8742444193 -12.9837307869 -1.25936634407
-30.0528094117 -13.8233146011 -1.02261783591
14.6589527128 -17.028842399 -1.20293301911
-18.7210738159 -17.5299474649 -1.0616298225
32.5780195498 -8.49966086761 -1.29787235569
-36.8882474982 -9.54249701677 -1.00381010917
4.43088453151 -18.7463439435 -1.15602242237
-8.44602985436 -18.9396537668 -1.10151230496
18.9209142528 -15.8201289129 -1.22361948785
-23.0174191104 -16.4497123341 -1.04608755691
9.80481023889 -18.0327905099 -1.18023339565
-13.8389650438 -18.387733774 -1.08014536773
27.8617450917 -11.9001958598 -1.27021431007
-32.0719594938 -12.7999280082 -1.01650498377
15.5611790727 -16.8004503908 -1.20724869371
-19.629753448 -17.3287410002 -1.05827963126
14.9583983138 -16.9545836034 -1.20436180898
-19.0226148677 -17.4647107548 -1.06051453605
21.1301734805 -15.0511939191 -1.23467162707
-25.2487782734 -15.74744045 -1.03834182091
16.9096114552 -16.4324312791 -1.21376036099
-20.9886318127 -17.0013643707 -1.05333080247
12.0404191139 -17.6156715524 -1.19058330057
-16.0860946503 -18.0379102381 -1.07151909609
16.5186823015 -16.5425036941 -1.21186473263
-20.5945727433 -17.0996524459 -1.05475815964
18.4785432142 -15.9616253593 -1.22143527722
-22.570997484 -16.5778661156 -1.04766575326
28.1706183324 -11.7171632608 -1.27193400105
-32.3861911186 -12.6262495361 -1.01558696837
32.6502150031 -8.43421177848 -1.29832668553
-36.9623762592 -9.47924456475 -1.0036450243
10.2024377469 -17.9640034534 -1.18206175806
-14.2384793794 -18.3309135089 -1.07859929631
27.0052516752 -12.3861927731 -1.26549545419
-31.2012546339 -13.2599960085 -1.01909764508
35.4834846122 -5.23562093036 -1.31761238393
-39.8904427881 -6.3671436037 -0.998542029893
32.2583406935 -8.78292508241 -1.29587571471
-36.5602045231 -9.81603755172 -1.00455538228
21.3638826142 -14.9634163537 -1.23585565844
-25.4850185557 -15.6667178231 -1.03753647834
1.28974873973 -18.9864055456 -1.14227976687
-5.29909982695 -19.0853181511 -1.1143880765
27.3396360131 -12.2000915121 -1.26732934311
-31.5410780245 -13.0840160369 -1.0180775007
16.5836556296 -16.5244034947 -1.212179342
-20.6600604409 -17.0835107434 -1.05452050582
17.7488620148 -16.1864901792 -1.21785217967
-21.8348911542 -16.7807263528 -1.05028757778
15.5857397275 -16.7940367108 -1.20736662981
-19.6544956725 -17.3230674611 -1.05818886008
24.620444305 -13.5939327043 -1.25269243082
-28.7812463206 -14.3956054553 -1.02663420456
7.59830217359 -18.3735907351 -1.17018200259
-11.6232154727 -18.6621465233 -1.08881412577
31.3890408349 -9.50462326074 -1.29055850892
-35.6696193546 -10.5113161195 -1.00668806213
29.8320881763 -10.6520487285 -1.28137057294
-34.0789040991 -11.6114884091 -1.01082472724
2.66910102621 -18.8965656981 -1.14827852403
-6.68052862201 -19.0369234889 -1.10869998879
-0.147845708906 -19.0544071551 -1.13608693784
-3.86011107603 -19.1101361396 -1.12037230195
35.998081622 -4.4346416987 -1.3216235536
-40.4288663728 -5.58197244678 -0.998095588485
25.1063959828 -13.3635284369 -1.25526503339
-29.2738994149 -14.1798921232 -1.02506421059
22.6154649919 -14.470613864 -1.24224901191
-26.7508386423 -15.211706889 -1.03327324905
6.84764555254 -18.4741128382 -1.16679813109
-10.8698779993 -18.740090482 -1.09179691108
33.0849854385 -8.02764144055 -1.30109143225
-37.4091626015 -9.08590826565 -1.00267799476
1.97027669703 -18.9451066293 -1.14523237071
-5.98056140117 -19.0644655892 -1.11157515244
22.3134027799 -14.5931552544 -1.24069768043
-26.4452319193 -15.3251258785 -1.03429428111
9.69778862793 -18.0509136009 -1.17974219448
-13.7314473359 -18.4026361743 -1.08056234713
1.17118230268 -18.9930005686 -1.1417667303
-5.18038876147 -19.0883511351 -1.11487947501
6.56092679815 -18.5104864799 -1.16551030741
-10.5821959929 -18.7678411488 -1.09294062123
8.50738322225 -18.2414695833 -1.1743040249
-12.5358550631 -18.5573732659 -1.08522450203
28.9392560205 -11.2421982721 -1.27625850732
-33.1687485049 -12.1745712788 -1.01334500824
17.8401024798 -16.1589428773 -1.21829889842
-21.9269179024 -16.7559302809 -1.04995849598
34.714825445 -6.26215658624 -1.31201339625
-39.09129668 -7.37014317386 -0.999579822348
4.10111337794 -18.7775191124 -1.15456585496
-8.11547100548 -18.9609159805 -1.10285102413
26.5257363185 -12.6453633323 -1.26288341054
-30.7141709197 -13.5046558635 -1.02057737585
20.2620483896 -15.3661651268 -1.23029908675
-24.3715839975 -16.0362107086 -1.04135750737
16.4238797367 -16.5687758974 -1.21140600455
-20.499023801 -17.1230670689 -1.05510522111
29.0866770123 -11.1477353285 -1.27709570599
-33.318940359 -12.0845761359 -1.0129223623
-1.83560315948 -19.1011193007 -1.12889299304
-2.17171158556 -19.1061650018 -1.12747019024
16.4681488829 -16.5565281055 -1.21162016595
-20.5436408666 -17.1121536477 -1.05494311241
15.5166735622 -16.8120455736 -1.20703504778
-19.5849197268 -17.3389950115 -1.05844417313
14.584710718 -17.0470192812 -1.20257931824
-18.6463193277 -17.5458875935 -1.0619068485
4.34379474898 -18.7547147528 -1.15563743702
-8.35872791181 -18.9454065861 -1.10186554875
12.3144557176 -17.5593558291 -1.1918639542
-16.361699215 -17.9898457957 -1.07047302736
10.7326172299 -17.8686929575 -1.1845079192
-14.771282592 -18.2515606401 -1.07654567515
11.9087873488 -17.6423114345 -1.18996909628
-15.9537220707 -18.0605868546 -1.07202246604
15.299645861 -16.8680952276 -1.20599435968
-19.3663063504 -17.3885047681 -1.05924762608
30.0757874962 -10.4830407453 -1.28278422891
-34.3275699404 -11.4498718723 -1.01015411971
0.482466670737 -19.0277975702 -1.13879477318
-4.49093849928 -19.1024589407 -1.11774152303
34.4710039795 -6.55639138253 -1.3103098938
-38.8387473729 -7.65692639103 -0.999977539827
35.9136270141 -4.57422584912 -1.3209464666
-40.3402572271 -5.71895854284 -0.998151109096
6.42168622291 -18.5277505379 -1.16488582031
-10.4424996509 -18.7809177715 -1.09349692042
9.55402399478 -18.0749991802 -1.17908295223
-13.5870240814 -18.4223954415 -1.08112305208
33.2883649258 -7.82960749139 -1.30240286999
-37.6183986293 -8.89406855137 -1.00224276249
-0.0584184630558 -19.0509358833 -1.13647041672
-3.94960226295 -19.1093508133 -1.11999838939
4.34648116213 -18.7544580218 -1.15564930904
-8.36142082493 -18.9452306102 -1.10185464919
12.7722007776 -17.4626853876 -1.19400914292
-16.8221415141 -17.9069592959 -1.06873137648
31.0722796927 -9.75191803087 -1.28865722448
-35.3455731744 -10.7489910112 -1.00749942151
31.5397662465 -9.38416912752 -1.29146963317
-35.823894823 -10.395440697 -1.00630806699
35.5090057497 -5.19842312272 -1.31780547861
-39.9170697097 -6.33072864914 -0.998514373178
24.403694417 -13.6943254522 -1.25155045543
-28.5615787208 -14.4894466502 -1.02733965689
16.8678828564 -16.4443147667 -1.21355770774
-20.9465650913 -17.0119899126 -1.05348286872
9.57636363758 -18.0712760068 -1.1791853471
-13.6094654821 -18.4193445267 -1.08103588135
2.49661258036 -18.9091263485 -1.14752531349
-6.50774067523 -19.0443008076 -1.10940839056
33.6218115469 -7.49295633203 -1.30458066397
-37.961806718 -8.56757841821 -1.00155531806
15.765308922 -16.7468236694 -1.20822963229
-19.8354020117 -17.2812659229 -1.05752590975
-0.668594981411 -19.0726268635 -1.13385848574
-3.33904935916 -19.1127160532 -1.1225540088
26.6879495506 -12.5586798673 -1.26376473984
-30.8789146758 -13.422880717 -1.02007464191
29.2776180605 -11.0236848476 -1.2781839841
-33.513521352 -11.9663131593 -1.01237866157
19.1253844901 -15.753375102 -1.22463218538
-23.2238022005 -16.3891263039 -1.04536104406
31.4652893306 -9.44391902028 -1.29101889252
-35.7476568119 -10.4529280387 -1.00649532766
-0.26161947223 -19.0586783185 -1.13559939244
-3.74626032382 -19.1109901758 -1.12084832893
12.8486645576 -17.4462170882 -1.19436822426
-16.8990654658 -17.8927936719 -1.06844114208
2.37707292008 -18.9176081766 -1.14700383144
-6.38800015234 -19.0491905321 -1.10989982127
13.6863876477 -17.2597008709 -1.19831633008
-17.7420131112 -17.7315078906 -1.06527468952
30.1514460954 -10.4298311934 -1.28322481953
-34.404792653 -11.3989573935 -1.00994753834
27.0404941748 -12.3667909191 -1.26568824669
-31.237064006 -13.2416607939 -1.01898966321
13.8574863954 -17.2202158886 -1.19912591404
-17.9142206991 -17.6971766652 -1.06463100074
33.3250564253 -7.79331028466 -1.30264078241
-37.6561638253 -8.85888909772 -1.00216548735
2.59825747259 -18.9017705899 -1.14796906294
-6.60956067584 -19.0399994891 -1.10899083933
7.68982354789 -18.3608073255 -1.17059578911
-11.7150795478 -18.6521161187 -1.08845161122
3.45410907866 -18.8345813474 -1.15171757878
-7.46704449815 -18.9985310488 -1.10548652172
-1.2865678953 -19.0898380308 -1.13122417224
-2.72083813321 -19.1113694722 -1.12515266809
9.58125902217 -18.0704591741 -1.17920778756
-13.6143831941 -18.4186750094 -1.08101678134
29.9368965093 -10.5798030865 -1.28197753061
-34.185835179 -11.5424214253 -1.01053535681
-0.844627015347 -19.0780167529 -1.13310696539
-3.1629348067 -19.1128194747 -1.12329318344
19.8604585979 -15.5061478451 -1.22828959285
-23.9659706964 -16.1640755948 -1.04276503822
11.4096194737 -17.7409325057 -1.18764548778
-15.4518170444 -18.1441796962 -1.0739365654
16.0716301831 -16.6649716085 -1.20970483355
-20.1440436984 -17.2086457614 -1.05639787071
29.9642541584 -10.5608365405 -1.28213621294
-34.2137501809 -11.5242846391 -1.01046006083
13.1184410847 -17.3873759535 -1.19563682694
-17.1704877293 -17.8420770801 -1.06741876039
4.88632230837 -18.7009531796 -1.1580394435
-8.9026256487 -18.9079545632 -1.0996685365
2.45294469989 -18.9122459215 -1.14733476702
-6.46399878407 -19.0461081743 -1.10958786418
25.2208514393 -13.3081622887 -1.25587349464
-29.3899662674 -14.1279866043 -1.02469683262
3.58334795723 -18.8236161429 -1.1522855206
-7.59655445777 -18.9914502137 -1.10495913673
16.794509035 -16.4651321249 -1.21320155112
-20.8725990745 -17.030595387 -1.05375042612
12.8322601562 -17.4497579303 -1.19429116966
-16.8825621068 -17.8958404987 -1.06850339149
1.65686995486 -18.9648561502 -1.14387090767
-5.66670277127 -19.0747985252 -1.1128690079
21.9973816688 -14.7188658569 -1.23908042039
-26.1255773992 -15.4412936403 -1.0353679416
10.2545641781 -17.9548153901 -1.1823018387
-14.2908582835 -18.3232942926 -1.07839698851
28.1898771037 -11.7056073129 -1.27204155839
-32.4057883061 -12.6152768987 -1.01553004198
35.8686498193 -4.64712749843 -1.32058919313
-40.2931106026 -5.79047721803 -0.99818381106
15.1076495838 -16.9170018914 -1.20507526926
-19.1729276616 -17.4316261354 -1.0599598919
6.47738621142 -18.5208757819 -1.16513555961
-10.4983810173 -18.7757180885 -1.09327431732
14.5684652007 -17.0509843707 -1.2025019505
-18.6299620383 -17.5493632456 -1.06196749385
9.85076735026 -18.0249573665 -1.180444444
-13.8851367128 -18.3812836791 -1.07996641965
14.8838896797 -16.9732028616 -1.20400596653
-18.947580573 -17.4810850562 -1.06079173366
13.4416397919 -17.3153565562 -1.1971601697
-17.495703913 -17.7797917669 -1.06619725521
34.9544660837 -5.95960345336 -1.31371856489
-39.3399168991 -7.07491987306 -0.999218101688
12.2622205823 -17.5701798845 -1.19161963725
-16.3091625163 -17.9990970035 -1.07067222698
28.5548406444 -11.4833284824 -1.27408742094
-32.7772637586 -12.404053581 -1.01445843595
17.0810085383 -16.3832815623 -1.21459352765
-21.1614278963 -16.957381724 -1.05270694229
12.6711063711 -17.4843172974 -1.19353471995
-16.7204429454 -17.9255468525 -1.06911540986
18.7874748636 -15.8632295607 -1.22295966207
-22.882745298 -16.4887880335 -1.04656269885
34.0121572498 -7.07786913137 -1.30717857231
-38.3644441762 -8.16439557834 -1.00079639697
16.5722636787 -16.5275826173 -1.21212416782
-20.648578137 -17.0863464748 -1.05456216216
9.95519047915 -18.0070454179 -1.18092424766
-13.9900507683 -18.3665143262 -1.07956006424
10.3072122821 -17.9454950788 -1.18254441512
-14.3437625973 -18.3155585471 -1.07819274401
29.1217811178 -11.1250743056 -1.27729544767
-33.3547092935 -12.0629790677 -1.01282208663
25.2040530671 -13.3163149935 -1.25578413036
-29.3729305911 -14.1356313882 -1.02475069348
35.7662442423 -4.80961721673 -1.31978381654
-40.1858705791 -5.94981971078 -0.99826589912
30.7127371856 -10.0235462798 -1.28652010135
-34.9780340273 -11.0097042209 -1.00844015579
33.4945074245 -7.62331810254 -1.30374498219
-37.8306443872 -8.69406005852 -1.00181376771
9.28208953632 -18.1197472087 -1.17783785131
-13.3138681672 -18.4589605063 -1.08218540924
29.8826845875 -10.6172540076 -1.2816633934
-34.1305228074 -11.5782281542 -1.01068485413
5.3744716665 -18.6492766043 -1.1602083268
-9.39210707807 -18.8709543015 -1.0976989463
19.1434503328 -15.7474355026 -1.22472175778
-23.242038302 -16.3837316737 -1.0452969443
19.4541295929 -15.6442241965 -1.22626460606
-23.5556775795 -16.2898927144 -1.04419694852
1.58131830088 -18.9694305205 -1.14354313652
-5.59104778633 -19.0771029628 -1.11318131956
-1.68232860618 -19.0983493084 -1.12954291333
-2.32500022646 -19.1079971738 -1.12682237762
17.3918641996 -16.292737226 -1.21610784981
-21.4748630241 -16.8762093178 -1.05157853784
26.190240641 -12.8215304308 -1.26106780834
-30.373535078 -13.6706727924 -1.02162395067
10.012703142 -17.9971126494 -1.18118866291
-14.0478358437 -18.3583124214 -1.07933640501
20.5953418236 -15.2472714396 -1.23197311399
-24.7082982959 -15.92737526 -1.04019528058
16.4825243025 -16.5525432561 -1.21168972778
-20.5581294951 -17.108602109 -1.05489048793
0.83334715046 -19.010817476 -1.1403071703
-4.84217078551 -19.0960190496 -1.11628176019
33.8790539608 -7.22213521114 -1.30628641726
-38.2270676569 -8.30460118195 -1.00104922787
30.2556089864 -10.3559872886 -1.28383276008
-34.5111265881 -11.328273493 -1.00966441086
5.80494332551 -18.6010911428 -1.16212698524
-9.82383195501 -18.8357122406 -1.0959677836
25.1575081389 -13.3388563719 -1.25553663103
-29.3257295864 -14.1567654412 -1.02490003626
-1.76011791072 -19.0997918439 -1.12921298347
-2.2472026693 -19.1071040202 -1.12715107279
32.1360744889 -8.88856676388 -1.29511829972
-36.4348203434 -9.91796147516 -1.00484631251
32.1270930519 -8.89627039933 -1.29506279226
-36.4256115661 -9.92539203687 -1.00486780724
-0.584944037978 -19.0699294397 -1.13421592496
-3.42274360458 -19.112530836 -1.12220304805
10.7545578874 -17.8646594596 -1.18460935594
-14.7933345084 -18.248187564 -1.07646088401
10.5623412038 -17.8997541002 -1.1837212525
-14.6001503774 -18.2774965202 -1.07720424624
30.0296879572 -10.5152880787 -1.28251617416
-34.2805225911 -11.4807208732 -1.01028037121
22.3012303204 -14.5980442099 -1.24063527877
-26.4329181014 -15.329647243 -1.03433553393
-1.40846559931 -19.0926684202 -1.1307058475
-2.59891037931 -19.1105395238 -1.12566649702
5.63678989656 -18.6202064048 -1.16137683091
-9.65518019284 -18.8497713416 -1.09664338158
24.1820594784 -13.7955082692 -1.25038614481
-28.3370045424 -14.583930921 -1.02806422358
32.8120568434 -8.28541344833 -1.2993499705
-37.1286145042 -9.33537141321 -1.00327949178
2.02038998739 -18.9418329227 -1.14545033423
-6.03075042556 -19.0626976333 -1.1113685196
-39.2013268718 -3.97668113801 -3.15544362088e-30
-39.032740902178 -4.4167472797583995 -0.00997963138144
-39.040891398636 -4.44233007344 -0.01995989410144
-38.852576002811 -4.877069630997499 -0.029941840171019998
-38.865853520908 -4.8890105746296 -0.03992448935696
-38.796326480530006 -5.061331225620999 -0.049910452097550004
-38.6033609045 -5.449542718729999 -0.059905247362859994
-38.483074315119 -5.6883142200408 -0.06990311698461
-38.301340673104 -6.013995476668 -0.07991282005320001
-38.09825387749599 -6.352119707370501 -0.08993630811275999
-37.895371346640005 -6.670904395075 -0.0999685305945
-37.632748535255 -7.0505748275449 -0.11003296035709999
-37.433390613423995 -7.3296960378596 -0.12009078296280001
-37.044603149837 -7.8222802770665005 -0.1302021913478
-36.978991213452 -7.9173692836392 -0.14025322025120002
-36.91664675609 -8.0080932578875 -0.1502998088385
-36.812784482564 -8.1442743469408 -0.16035884199840003
-36.629476068716 -8.363182674431199 -0.1704552591092
-36.390475041566 -8.634443917247001 -0.180565231896
-36.220162990711 -8.822110881943901 -0.1907130600801
-35.834838892440004 -9.214509233208002 -0.200940543174
-35.789383947481 -9.273198225206 -0.2110177256271
-35.53037034428 -9.5276194635876 -0.221216898188
-35.317775674213 -9.7318435984826 -0.23141276478800002
-35.141396489163995 -9.898809579731601 -0.2416051349112
-34.852176581250006 -10.1568364284025 -0.2518748553775
-34.589852712437995 -10.385728582458 -0.26211808239240003
-34.441182681758 -10.515117896366 -0.2723506531857
-34.096546253596 -10.796196918387999 -0.2826825757756
-34.08711858628 -10.813733445916 -0.29281985926849996
-33.86430595943 -10.99366267465 -0.30308411136299995
-33.77174900394 -11.071299417189998 -0.3133123047803
-33.53997208366 -11.249405197587999 -0.3236498245056
-33.144025897356 -11.540194815271999 -0.3340849583181
-33.009031006632 -11.64055450191 -0.3443936031820001
-32.575244976505 -11.938636774365 -0.3549713886355
-32.244839932295996 -12.159585592275999 -0.3654769219272
-32.117302019191 -12.248741452447998 -0.37576717829690004
-31.896902530732 -12.392861968982 -0.38619688870299995
-31.611157104417 -12.574685159014 -0.3966728791233
-31.05449510684 -12.90486167118 -0.407595865284
-30.669788296228003 -13.129328788574 -0.41823060318309996
-30.537601932660003 -13.207758295048 -0.42864249785700004
-30.218014050243003 -13.387728166281 -0.43924209214220006
-30.075166626388004 -13.467762455784001 -0.4497244049672
-29.832513691035004 -13.597870165260002 -0.4603745127645
-29.615139729256 -13.718053527072001 -0.47080899124760006
-29.250708762539 -13.904577444272 -0.4816328259355999
-28.70947963782 -14.170113526720002 -0.49275143993279996
-28.357557357444 -14.339099602176 -0.5035836001945
-28.1552580365 -14.43624729575 -0.51418938494
-27.808000715558 -14.596599559141001 -0.5250320120544
-27.359385257939998 -14.7946092553 -0.5361464999228001
-27.176347955772 -14.873143292561 -0.5469127711806
-26.729335671359998 -15.063887823944 -0.5579675544870001
-26.40375050099 -15.198994950265 -0.5688845436615001
-25.92284687384 -15.391035203376001 -0.5801178764696
-25.42831166457 -15.581901881549 -0.5913957926537999
-24.694158807634 -15.849980814798002 -0.6032742884705999
-24.401714972289998 -15.954013719509 -0.6142899894770999
-23.939659478160003 -16.1133679324 -0.6256590229319999
-23.321795799527997 -16.317744194972 -0.6373976208798999
-23.056341294286 -16.400721789496 -0.6485742852842
-22.798027847790003 -16.486372029398 -0.6593609165913
-22.198423793104 -16.666436645016 -0.671319614176
-21.92305465308 -16.747175285105 -0.6824730223869999
-21.525080143494 -16.861412760514 -0.6939013301748
-21.274715112079 -16.930447947248 -0.7050746755869001
-20.950458964676 -17.019274695288 -0.7163683507296
-20.815725667999 -17.055109733478 -0.7272411892544999
-20.54887070655 -17.12570152337 -0.738423341551
-20.367937570113 -17.172726812102 -0.7493971704111
-20.147298099452 -17.227319372411998 -0.7606064669111999
-19.792930843573 -17.315071267318 -0.7721087843844
-19.521291630468 -17.380633430266002 -0.783396244797
-19.203799804324998 -17.4544327995 -0.7949014275974999
-18.948503595096 -17.512697559632002 -0.8062017175816
-18.641214193765002 -17.581304272967003 -0.817668273345
-18.23156478671 -17.669475286578 -0.8295178576776
-17.507721690436 -17.82004370296 -0.8422958316159002
-16.946057269420002 -17.93012266474 -0.854646231248
-16.715047021057998 -17.973012454044998 -0.8659834819866
-16.388585212504 -18.03066975583 -0.8777878824352
-15.455002220534 -18.195077062796997 -0.8913673492819999
-14.785352305808 -18.302321412435997 -0.904298367126
-14.299479453025 -18.3751492482 -0.9166374402334999
-14.008612509157999 -18.415254678116 -0.9283904003868
-13.851182987889 -18.434501563809 -0.9397264699250999
-13.592539438328 -18.469066424468 -0.9512947675792001
-13.513566940332 -18.475817494289 -0.9624188419259
-13.04134688168 -18.53522359827 -0.9749616403229999
-12.193804050026 -18.638184082372998 -0.9888025673617001
-11.722193361943999 -18.68869299858 -1.0013754823224001
-10.88013437214 -18.774141776312 -1.0153711273044002
-10.563531515704 -18.800928522388 -1.0274243129268
