31.291126062 16.9440215942 -1.90882455181
31.832395831 -7.04454409356 -1.91157785402
39.5168414828 5.80865292644 -1.99924396707
39.5474857502 4.45052789655 -1.9993998467
39.5384330687 5.5262494556 -1.99944650941
39.5563177358 4.73361787347 -1.99953748418
32.9792582412 15.7852056239 -1.92753581309
33.4665422278 -5.81076110523 -1.9300145033
27.51523961 19.0085953321 -1.86690012939
28.1534736442 -9.2773351441 -1.87014666426
34.1832581011 14.8300612274 -1.9408632663
34.626235518 -4.8022801137 -1.94311658022
38.2018836183 10.0463213938 -1.98512736545
38.4250034983 0.157858738202 -1.98626231976
39.1962173547 7.58220776221 -1.99590369026
39.3071829828 2.66431577882 -1.99646814431
21.8071571186 21.2292986838 -1.80339839526
22.5513640873 -11.7532523052 -1.8071839876
25.6614796792 19.8279220515 -1.84629076001
26.3385556262 -10.1794453627 -1.84973487386
31.7461529203 16.6492787015 -1.91387049107
32.2736653871 -6.72957632567 -1.91655381337
24.9093210521 20.131205283 -1.83792455048
25.6008419216 -10.5163474746 -1.84144214199
36.6966694754 12.2864168272 -1.96860944747
37.0223593746 -2.1478523436 -1.97026614949
39.1999190487 7.56855827901 -1.995943193
39.3102652582 2.67811834188 -1.99650449622
39.3429194334 6.97166261866 -1.99745965927
39.4261975101 3.28085680175 -1.99788327375
38.9197177802 8.45280728837 -1.99293254309
39.0702326483 1.78213028607 -1.9936981741
20.4831348569 21.6314558339 -1.78865328162
21.2468284215 -12.2147227083 -1.79253799735
38.1617527318 10.1201795436 -1.98468891991
38.3882447799 0.0822655791088 -1.98584102759
25.3845502241 19.9414229713 -1.84321074508
26.0670274085 -10.3053221972 -1.84668233365
37.9929698486 10.419052766 -1.98284328488
38.2331141622 -0.223916732139 -1.98406483818
25.5883973797 19.8580872174 -1.84547796636
26.2669082883 -10.2128763443 -1.84892937949
38.4637803595 9.53293408205 -1.98798437542
38.6634776864 0.682536890191 -1.98900018514
39.1419920206 7.77453922618 -1.99532397603
39.2616878235 2.46973412786 -1.99593283826
39.5472618525 5.36297871265 -1.99952275929
39.5577733133 4.89712068242 -1.99957622843
38.7693792512 8.84365501124 -1.99130572738
38.9376760626 1.3848990518 -1.99216181063
27.5677947726 18.9837507786 -1.86748419475
28.20485472 -9.25014527554 -1.87072475734
27.3704792019 19.0765416525 -1.86529128543
28.0119252445 -9.35174200566 -1.86855415898
39.5311747588 5.63353532396 -1.99938011978
39.5539058726 4.62611379824 -1.9994957472
39.4106814627 6.61614604367 -1.99816826185
39.4778552289 3.63906807623 -1.99850995778
21.2730194642 21.395970553 -1.79745052428
22.0252876921 -11.9438478412 -1.80127712221
29.4795056238 18.0109114012 -1.88872025989
30.0707405889 -8.19206465332 -1.8917277224
38.9466983161 8.37779365961 -1.99322383053
39.0938022831 1.85828457641 -1.99397211115
31.3373954064 16.9145893468 -1.90933772149
31.8772905611 -7.0130547343 -1.91208403139
21.8630449416 21.2115036255 -1.80402068322
22.6063923944 -11.732954431 -1.80780190343
15.6628121297 22.8122625262 -1.73493230782
16.4846712253 -13.6117574888 -1.73911289687
33.3226249063 15.5253067282 -1.93133836443
33.7978368517 -5.53563851779 -1.93375564723
24.429654923 20.3165704989 -1.83258815088
25.130024763 -10.7231602891 -1.83615075486
21.3574082016 21.3700434871 -1.79839028782
22.1084211171 -11.9141406477 -1.8022105003
39.0117385057 8.18963673611 -1.99392501083
39.1502895807 2.04918376042 -1.99462978505
36.8042417031 12.1522972844 -1.96979349334
37.123772743 -2.00901705331 -1.9714188668
17.9756325738 22.2978369273 -1.76071512651
18.7719349021 -12.993531266 -1.76476571476
33.618893331 15.2933904503 -1.93461828116
34.0833433084 -5.29059452431 -1.93698082055
34.7920023349 14.2944620813 -1.94759440738
35.210202335 -4.23976751382 -1.94972168485
31.7013444842 16.6788374281 -1.91337366932
32.2302357831 -6.76112613844 -1.91606400539
39.0898262325 7.94780995492 -1.99476466426
39.217390392 2.29428671232 -1.99541355083
38.9643166141 8.32788591491 -1.99341391433
39.1091515933 1.90893623323 -1.99415065319
20.2605559984 21.695512139 -1.78617402079
21.0273653166 -12.2887536639 -1.79007458557
35.708047569 13.4029235646 -1.95771174438
36.0851029747 -3.30781641016 -1.95962972972
37.3412256365 11.4342966387 -1.97569740147
37.6278251946 -1.26752548366 -1.97715526083
30.7269366589 17.2936162976 -1.90256589429
31.2845488885 -7.41923183081 -1.90540232646
34.0199613075 14.9671946337 -1.93905672575
34.4692902371 -4.94663976326 -1.94134234821
23.0987582767 20.8001603232 -1.81777738578
23.822294677 -11.2662905684 -1.82145783218
23.569242134 20.6342024617 -1.82301381021
24.2848142653 -11.0792795398 -1.82665374439
38.0774896903 10.2716649609 -1.9837678193
38.3109001505 -0.0728665056884 -1.98495511919
38.4711695154 9.51755594495 -1.98806486032
38.6701657009 0.698232677808 -1.98907710351
24.302729841 20.3646089573 -1.8311759402
25.0053956059 -10.7768750541 -1.83475022297
32.2639089735 16.2987824333 -1.91960997624
32.7750855739 -6.35608240639 -1.92221020213
24.4450175128 20.3107277122 -1.83275907627
25.145108182 -10.7166304901 -1.83632026017
27.3082857014 19.1055160828 -1.86460004697
27.951101916 -9.38349230333 -1.86786989023
22.8397261802 20.8892841479 -1.81489408325
23.5675460895 -11.3670078237 -1.81859631877
15.1042190215 22.923132258 -1.72870339517
15.9316473473 -13.7477107917 -1.73291231348
37.8715544526 10.6234968082 -1.98151416121
38.1210436555 -0.433629369853 -1.98278324959
32.3911186898 16.2100410151 -1.92101977408
32.8981631952 -6.2616932693 -1.92359898105
36.3984838011 12.6438641329 -1.96532535316
36.7405996149 -2.51838608349 -1.96706560965
29.7237549812 17.8760656485 -1.89143203129
30.308659225 -8.04633880853 -1.89440729103
33.1398832211 15.6647729292 -1.92931478265
33.621571689 -5.68320568685 -1.93176500987
39.4329645976 6.48157647129 -1.99839885418
39.4940460116 3.77450581027 -1.99870955986
29.6749225977 17.9032331582 -1.89088989976
30.2611019148 -8.07568134593 -1.89387164547
18.0514396601 22.2794062266 -1.76155999169
18.8468335289 -12.9716998999 -1.76560595883
38.0569489858 10.3078898972 -1.98354318712
38.2920142541 -0.109981100864 -1.98473890459
29.3295689197 18.0924193387 -1.88705541749
29.9246328493 -8.28025281606 -1.89008235697
39.2524398671 7.3665481897 -1.99650252324
39.3536210885 2.88229188206 -1.99701720648
36.2204132284 12.8481705296 -1.96336289894
36.5719253854 -2.73051675596 -1.96515095225
20.1357310099 21.731002109 -1.78478356093
20.9042681242 -12.3298379831 -1.78869291456
16.2347840487 22.6934638892 -1.74130968373
17.0507026692 -13.4672798738 -1.74546005509
13.4905604498 23.2157093639 -1.71070556264
14.3328276201 -14.1127772789 -1.71498996239
27.227392774 19.1430085107 -1.86370095047
27.871982391 -9.42459540266 -1.86697981458
26.9430868362 19.2730668776 -1.86054075441
27.5938320113 -9.56734556284 -1.86385093028
39.120971947 7.84562361999 -1.99509877668
39.243895359 2.39777393144 -1.99572405694
18.5976889719 22.1435295076 -1.76764748382
19.3863982498 -12.8113218519 -1.77165944815
28.351479981 18.601720171 -1.87619199583
28.9705110697 -8.83315386802 -1.87934085018
31.9869330957 16.4883653083 -1.91653989976
32.5069426081 -6.55796585555 -1.91918505643
25.3829976976 19.9420531641 -1.84319347701
26.0655048866 -10.3060217783 -1.8466652182
39.445601801 6.39982764427 -1.99852888102
39.5029831255 3.85674146048 -1.99882076528
28.0309212654 18.7606521991 -1.87263052203
28.657447137 -9.00638355342 -1.87581750044
38.2289602208 9.99583048704 -1.98542309738
38.4497751834 0.209519598527 -1.98654632716
24.5640563519 20.2652451535 -1.83408348303
25.2619744049 -10.6658247477 -1.83763361539
16.6554862356 22.6026128288 -1.74599995437
17.4668788971 -13.3575447019 -1.75012730332
36.1503291526 12.9268524581 -1.96259028907
36.5054615367 -2.81227988022 -1.96439675755
17.3432307298 22.4476187538 -1.75366650211
18.1469325139 -13.171686344 -1.75775472951
39.5480737152 5.34493014527 -1.99952935382
39.5577702808 4.915187501 -1.9995786778
22.4696795979 21.0139034149 -1.8107747003
23.2034970031 -11.5081919157 -1.81450744356
35.7360276666 13.373787694 -1.95802051112
36.1117404402 -3.27744809753 -1.95993166683
32.8367368369 15.8904337972 -1.92595712186
33.3289121269 -5.92231088051 -1.92846069289
39.456536029 6.32526684438 -1.99864085939
39.5105432085 3.93171958339 -1.99891558023
37.6627954675 10.9572390649 -1.97922645186
37.9275503678 -0.776448425032 -1.98057319298
19.3084460345 21.9584967298 -1.77556714541
20.0880861372 -12.594417338 -1.77953297713
33.5177131801 15.3734241088 -1.93349825414
33.9858760024 -5.37511065081 -1.93587967983
35.1280154777 13.9805528376 -1.95130733479
35.5317148191 -3.91102124356 -1.95336085108
27.0080221618 19.2435942404 -1.86126257349
27.6573719031 -9.53497389006 -1.86456565114
35.0218442696 14.0812627078 -1.95013435789
35.4301941228 -4.01641766917 -1.95221153016
37.4686014186 11.2501816061 -1.97709594666
37.7467669478 -1.07785231047 -1.97851090425
36.7155804501 12.2630479683 -1.96881762902
37.0401970649 -2.12365425328 -1.97046887151
37.7552705237 10.8119901205 -1.98024020648
38.0133799459 -0.627176047231 -1.98155314373
39.3365493277 7.00194476937 -1.99739261422
39.4211997444 3.2503181357 -1.99782320945
31.0080274609 17.1215507965 -1.90568437659
31.5575927003 -7.23466231523 -1.90847987576
20.0019451101 21.7686967975 -1.78329323586
20.7723185829 -12.373528976 -1.78721193058
34.4288149738 14.6188081649 -1.94357915147
34.8620140366 -4.58016574678 -1.94578272538
17.427304786 22.4281113403 -1.75460363041
18.2300411323 -13.1484064634 -1.75868694687
31.6577720628 16.7074665894 -1.91289053641
32.1879990083 -6.79169157914 -1.91558766658
32.0464526235 16.4480372692 -1.91719968707
32.5645825883 -6.51499411919 -1.91983528296
37.7738113928 10.7823856777 -1.98044339378
38.0305666554 -0.596765413756 -1.98174944276
37.0268622833 11.8650497795 -1.97224254315
37.3332106333 -1.71202017481 -1.97380085961
34.8587719258 14.2331882296 -1.94833235949
35.274140252 -4.175544255 -1.95044523295
16.4833493444 22.640145301 -1.74408090605
17.2966100806 -13.4028035384 -1.74821775742
39.5514819877 5.25926332321 -1.99955567789
39.5573111382 5.00092087001 -1.9995853293
39.2653888513 7.31408020507 -1.9966400599
39.3641903592 2.93529055471 -1.99714263814
37.8792547736 10.6107706494 -1.98159848892
38.1281621341 -0.420568825719 -1.98286461762
37.6576866207 10.9651500862 -1.97917043073
37.9228035422 -0.78458183902 -1.98051901335
31.6235109639 16.7298992308 -1.91251063705
32.1547845894 -6.81564680152 -1.91521309142
39.2121600407 7.5229018578 -1.99607375172
39.3204344884 2.72428044843 -1.99662451641
29.2214386345 18.1506138946 -1.88585469765
29.8192374443 -8.34326556643 -1.88889554878
27.893676697 18.82755612 -1.87110554951
28.5233599109 -9.07941006012 -1.87430858853
27.6201581646 18.9589024709 -1.86806611592
28.256044051 -9.22296030683 -1.87130070635
37.2185190239 11.6062280025 -1.97434937529
37.5129983223 -1.44481677636 -1.97584731689
21.8118799657 21.2277975334 -1.80345098258
22.5560144192 -11.7515396496 -1.80723620606
38.0829585043 10.2619751391 -1.98382761979
38.3159263454 -0.0629398645964 -1.98501266819
31.7119160698 16.6718744499 -1.91349088519
32.2404825485 -6.75369339531 -1.91617956898
37.4945717299 11.2118929586 -1.97738098926
37.7709838427 -1.03843119168 -1.97878702766
30.4680706065 17.4485225691 -1.89969348959
31.0329332506 -7.58565709125 -1.90256680278
39.4588363241 6.30907263977 -1.99866434703
39.5121107334 3.94800106513 -1.99893534045
32.2548016751 16.3050947013 -1.91950903925
32.7662722555 -6.36279905207 -1.92211076054
37.1775442248 11.6625248992 -1.97389908242
37.4746044612 -1.5029046221 -1.9754101526
25.191888168 20.0191130114 -1.8410677788
25.8780655982 -10.3916235571 -1.84455818959
35.9152701544 13.1840913822 -1.95999807357
36.2822443705 -3.07985977872 -1.96186477845
36.4873411291 12.5394382457 -1.96630427861
36.8246564443 -2.4100583986 -1.96802011618
31.9812498756 16.4922044452 -1.9164768984
32.501438334 -6.56205743761 -1.91912296532
28.7360582345 18.4059644652 -1.88046404132
29.3458684745 -8.62025025935 -1.88356599155
24.6839723067 20.2190506328 -1.83541759665
25.3796847382 -10.614268204 -1.83895650957
35.7184057536 13.3921521348 -1.95782605131
36.0949647786 -3.29658871759 -1.95974151169
32.4352380959 16.1790110212 -1.92150869139
32.9408381099 -6.22870476679 -1.92408055059
35.0157204802 14.0870275899 -1.95006669638
35.4243365873 -4.02245290913 -1.95214522302
12.2781253885 23.40940553 -1.6971791575
13.1303630868 -14.3609655104 -1.70151427481
24.6985717627 20.2134005744 -1.83558001795
25.3940144931 -10.6079653597 -1.83911755897
10.1471043508 23.6979499456 -1.67339750982
11.0145255614 -14.7453400364 -1.67780986181
37.7039907133 10.8930205793 -1.97967812015
37.965807153 -0.710437109185 -1.98100991406
33.4752010476 15.4067912208 -1.93302762474
33.9449121397 -5.41036139367 -1.93541692609
19.4781376153 21.9129121711 -1.77745775244
20.2555489479 -12.5412249105 -1.78141224697
36.774971078 12.1890802145 -1.9694713517
37.096190979 -2.04708285418 -1.97110531597
14.4892088307 23.0394326878 -1.72184457884
15.322508755 -13.8916340658 -1.72608336448
38.7740501241 8.83212447485 -1.99135635519
38.9418221043 1.39662854134 -1.99220976875
27.5233742417 19.0047560133 -1.86699053347
28.1614268267 -9.27313280465 -1.87023614536
39.5468246722 5.3724089458 -1.99951916851
39.5577619225 4.88768032729 -1.99957480353
31.0317798631 17.1068217166 -1.90594786486
31.5806565822 -7.21887682859 -1.9087398617
21.5604636205 21.3070373995 -1.80065145308
22.3084280223 -11.8420394828 -1.80445615854
11.7144629282 23.4920648354 -1.69088970035
12.5710026033 -14.4689657617 -1.69524670072
34.9691144173 14.1307477989 -1.9495517266
35.3797499305 -4.06823087643 -1.95164052545
38.2479091943 9.96016998292 -1.98563001421
38.4670964272 0.24599853794 -1.98674496415
25.4605801417 19.9104783346 -1.84405638111
26.141584207 -10.2709795802 -1.8475204763
39.2899715384 7.21112164678 -1.99690070234
39.3841041479 3.03925317332 -1.99737953108
16.5286017114 22.6303269458 -1.74458540351
17.3413735403 -13.3909539814 -1.74871976793
18.6625316381 22.1270386127 -1.76837005145
19.4504311095 -12.7919228885 -1.77237789649
35.2047611123 13.9068405617 -1.95215509299
35.6050575995 -3.83392223147 -1.95419129983
39.4188379981 6.56816547143 -1.99825284361
39.4838393303 3.68736773111 -1.99858348892
37.9473481373 10.4968393997 -1.98234400093
38.1910473991 -0.303682051084 -1.98358363734
19.3274916189 21.9534078462 -1.77577934423
20.1068828067 -12.5884745461 -1.77974390979
29.0708885657 18.2308331895 -1.88418282173
29.6724588409 -8.43019406506 -1.88724285734
32.1265499754 16.393413881 -1.91808753571
32.6421346665 -6.45681338101 -1.92071018444
29.7911288347 17.8384097526 -1.89217998432
30.3742660623 -8.00568221133 -1.89514625569
38.9873908283 8.26135595785 -1.9936627016
39.1292015326 1.97643928424 -1.99438405673
39.5073231292 5.90814159005 -1.99915124216
39.5424644555 4.35071114665 -1.99932999718
11.9916660425 23.4519922543 -1.69398286699
12.846116139 -14.4164301883 -1.6983292382
33.6764332947 15.2474814033 -1.9352551731
34.1387540116 -5.24213675224 -1.93760688148
39.3978319729 6.6890879218 -1.99803465148
39.468308813 3.56562083582 -1.99839314932
36.8330550731 12.1158730998 -1.97011057293
37.1509138983 -1.97133025817 -1.97172744026
29.6645202079 17.9090069059 -1.89077441176
30.2509705334 -8.08191843701 -1.89375753602
33.2411395208 15.5878237186 -1.93043608483
33.7192541883 -5.60176743414 -1.93286813304
34.6836560945 14.3927766792 -1.94639678797
35.1064007828 -4.34286921403 -1.94854718313
17.2538922175 22.4682128681 -1.75267067522
18.0586138124 -13.1962892827 -1.75676409014
34.9263350399 14.1706404737 -1.94907900678
35.3388134262 -4.11001259514 -1.95117717985
18.8779803106 22.071687233 -1.77077080502
19.6631639154 -12.7269096192 -1.77476483514
39.3080755792 7.13219472585 -1.99709222729
39.3986298153 3.11891638168 -1.99755285375
39.5433230713 5.44199417372 -1.99948959079
39.5574024819 4.8180079752 -1.99956120919
22.9269983799 20.8594325169 -1.81586553973
23.6533830272 -11.3332499953 -1.81956047444
33.068034287 15.7188881716 -1.9285190679
33.5522367139 -5.74050673581 -1.930982083
38.9608780863 8.33768557449 -1.99337682421
39.1061585724 1.89899144614 -1.99411582924
37.8807938065 -0.856027133838 -1.98003959357
37.6124971481 11.0346277361 -1.97867483643
39.1632617482 2.0948802855 -1.99478107347
39.0267585824 8.14457185436 -1.99408671645
29.1228409078 -8.74744918662 -1.88105542707
28.5075204352 18.5229738469 -1.87792544769
11.5049903197 -14.6620311353 -1.68330390128
10.6408275192 23.6368491865 -1.678908124
14.4007531781 -14.0980929392 -1.71575127668
13.5590792023 23.2041038819 -1.71146989435
19.1795683412 -12.8734481427 -1.76933889099
18.3882674042 22.1962631086 -1.76531374356
24.8883083637 -10.8269538852 -1.83343449703
24.1835029945 20.4093553752 -1.82984933064
30.7769291398 -7.75152762391 -1.89968229944
30.2048455684 17.602676727 -1.89677225522
33.624621484 -5.6806756876 -1.93179944931
33.1430440261 15.6623830718 -1.92934978676
28.9082346522 -8.86792275768 -1.87863992338
28.2876987189 18.6336445766 -1.87548341427
18.264706654 -13.1386592854 -1.75907579009
17.4623746661 22.4199377375 -1.75499453049
18.375152727 -13.10745901 -1.76031468385
17.5741155977 22.3937510986 -1.75624001087
16.5664589245 -13.5912172359 -1.74002997197
15.7454430421 22.7954323694 -1.73585367213
34.5427091066 -4.87944526587 -1.94217228614
34.096336217 14.903380224 -1.93990170032
16.6021349245 -13.5822222053 -1.74043000729
15.7814884468 22.7880557281 -1.73625558652
30.6045472692 -7.86131979644 -1.89774026303
30.0276870396 17.7045815412 -1.89480592116
17.137023481 -13.444765733 -1.74642807423
16.3220324909 22.6748663283 -1.7422824215
24.5355059297 -10.9756270618 -1.82947031152
23.8243538277 20.5419634064 -1.8258528609
23.6581108704 -11.3313853815 -1.81961358023
22.9318055134 20.8577830593 -1.81591904885
15.2651570906 -13.9048748303 -1.72544044734
14.4313183215 23.0500730195 -1.72119892073
11.6063583861 -14.6443828095 -1.68443945517
10.7428884317 23.6237912234 -1.68004720222
31.0486567587 -7.57535721142 -1.90274398143
30.484242681 17.4389424112 -1.89987294998
27.7110086087 -9.50753861983 -1.86516899218
27.0628417272 19.2186062795 -1.86187193143
34.111092348 -5.26636496729 -1.93729433947
33.6477069867 15.2704372271 -1.93493721551
34.1244724276 -5.2546550403 -1.93744551625
33.661601617 15.2593427523 -1.93509100968
14.8927579306 -13.9895686663 -1.72126599658
14.0554781204 23.1178828789 -1.71700696626
11.1328842624 -14.7255506258 -1.67913563731
10.2662351776 23.683519472 -1.67472721294
24.6018289662 -10.9479301423 -1.83021550082
23.8918586137 20.5172863036 -1.82660406146
16.169597162 -13.6898374722 -1.7355801554
15.3445369948 22.8760510227 -1.73138328331
18.7350046027 -13.0042573707 -1.7643514205
17.9382560672 22.3068863034 -1.76029856251
39.1506453797 2.05042723342 -1.99463393321
39.0121500286 8.18841057768 -1.99392944244
38.9761925869 1.49545374627 -1.9926075576
38.8128430719 8.73495019837 -1.99177663999
39.486344589 3.70816783172 -1.99861435254
39.422278882 6.54749954517 -1.99828846652
28.3486476524 -9.173534908 -1.87234265567
27.7148968167 18.9137044389 -1.8691189257
27.1916896338 -9.76903507448 -1.85932791837
26.5322566758 19.4564117123 -1.85597354994
37.2203031594 -1.87392066704 -1.97251648683
36.9067673076 12.0216925854 -1.97092160937
11.7992365205 -14.6103928181 -1.68660018715
10.9371033557 23.5985359638 -1.68221473411
29.6267347912 -8.45707990492 -1.88672804229
29.0239983846 18.2556291948 -1.88366207486
38.0650789361 -0.535151185155 -1.98214370207
37.8110676174 10.7223909011 -1.98085161083
36.7991979976 -2.44305863069 -1.9677309968
36.4604201394 12.5712565389 -1.96600771965
37.6746996332 -1.19353893346 -1.97768940928
37.3913894825 11.3624997517 -1.9762482823
28.413141675 -9.13892330699 -1.87306835002
27.7808863324 18.8820371911 -1.86985222724
29.8935447731 -8.29889150325 -1.88973228158
29.2976717984 18.1096367687 -1.88670122669
17.9344542564 -13.2306398421 -1.75537146921
17.1283096686 22.4969280117 -1.75127081588
11.8775916107 -14.5964308026 -1.68747798715
11.0160084455 23.5881225149 -1.68309533183
35.5109459383 -3.93270668232 -1.95312570854
35.1062896274 14.0012793853 -1.95106732438
20.1618859105 -12.5710444414 -1.78036114971
19.3832249155 21.9384765017 -1.77640029846
27.1131685324 -9.80778513986 -1.85844485553
26.4520676949 19.4915804942 -1.85508200303
20.7902721094 -12.3676052843 -1.78741343566
20.0201475481 21.7635889629 -1.78349600709
34.9580199256 -4.48783264881 -1.94686860429
34.5288877745 14.5308995709 -1.94468571773
32.2229244306 -6.76642542674 -1.91598154812
31.6938015521 16.6838015304 -1.91329003406
10.0804343455 -14.8945721859 -1.66734774761
9.20723281244 23.8048962373 -1.66290599259
19.858471483 -12.6664506234 -1.77695636232
19.0758160624 22.0200994928 -1.77297519243
17.7262349718 -13.2876299546 -1.75303608708
16.9177318029 22.5444679915 -1.74892343625
19.4287964805 -12.7984859407 -1.77213515487
18.6406230061 22.1326191139 -1.76812591604
35.9623728785 -3.44606481827 -1.95823880714
35.5792067802 13.5354952906 -1.95628973826
10.8158780411 -14.7781061675 -1.67558480581
9.94718111443 23.7217223514 -1.67116596458
19.026559548 -12.9188872555 -1.76762225896
18.2333648381 22.23475422 -1.76358747838
34.8123492807 -4.62749312705 -1.94522105005
34.3770660949 14.6638471526 -1.94300687474
35.2897006024 -4.1598301704 -1.95062133194
34.8750252127 14.2181920179 -1.94851198327
11.1794483199 -14.7177104573 -1.67965722446
10.313105469 23.6777876441 -1.67525035782
18.321487406 -13.1226467634 -1.75971270634
17.5198198623 22.4065027172 -1.75563482661
21.6757246898 -12.0671009677 -1.79735264217
20.9182529869 21.5033305267 -1.79349957548
27.567998913 -9.58046691902 -1.86356035524
26.9166882 19.2850096278 -1.86024730262
25.7354399784 -10.4560690715 -1.84295501193
25.0465009363 20.0770595329 -1.83945055353
24.1362513708 -11.139939625 -1.82498471808
23.4180944096 20.6880995946 -1.82133163553
10.1750171039 -14.8800185399 -1.66840702756
9.30237573942 23.7946237401 -1.66396812198
19.7439654487 -12.7019868289 -1.7756714889
18.9598237323 22.0504345165 -1.77168275861
38.1131600655 -0.448054240624 -1.98269314134
37.863028262 10.6375513933 -1.98142078422
27.6862243012 -9.52022827571 -1.86489020024
27.0375102859 19.2301650765 -1.86159035636
11.977990761 -14.578410431 -1.68860276129
11.117118209 23.5746491799 -1.68422372067
10.3295049818 -14.855978565 -1.67013725204
9.45779069061 23.7775767041 -1.66570306224
27.5718331051 -9.57852087615 -1.86360348268
26.9206062648 19.2832385141 -1.8602908567
36.2114478919 -3.16258704388 -1.96106201957
35.8408143714 13.2635410388 -1.95917670073
23.0485900619 -11.5673047369 -1.81276771392
22.3122640721 21.0659686983 -1.80902221012
12.263018112 -14.5264505677 -1.69179603978
11.4041990816 23.5355989046 -1.68742744491
31.7450144685 -7.10548405788 -1.91059269807
31.2010849768 17.0009580316 -1.90782586652
26.6205188503 -10.0463490465 -1.85290505257
25.9491591504 19.7076796887 -1.84949001583
32.90400806 -6.25718308658 -1.92366493694
32.3971610347 16.2057990665 -1.9210867345
11.540742896 -14.6558234565 -1.68370440948
10.6768237007 23.632260514 -1.67930987136
24.5631056645 -10.9641152955 -1.82978041341
23.8524447029 20.5317082953 -1.8261654611
16.8427820436 -13.5209844867 -1.74312846306
16.0246527283 22.7377351849 -1.73896684646
35.12474268 -4.32475401721 -1.94875470526
34.7027963979 14.375507266 -1.9466083714
28.6499319165 -9.01049480172 -1.87573292756
28.0232282584 18.7644202747 -1.87254504479
31.0482386164 -7.57563129124 -1.90273926962
30.4838126021 17.439197351 -1.89986817745
14.3942161219 -14.0995092698 -1.71567800848
13.5524849167 23.2052239046 -1.71139633504
33.1924318649 -6.03140864756 -1.92692007282
32.6954746976 15.9932643235 -1.92439217759
30.1890674126 -8.11992182065 -1.89306033749
29.6009659728 17.9441793518 -1.89006881443
38.9831050679 1.51568469808 -1.99268760848
38.8206610214 8.71505163784 -1.99186129677
30.1084477927 -8.16914570947 -1.89215237706
29.5182081942 17.9897166394 -1.88914997772
35.5254758327 -3.91754232367 -1.95329021317
35.1214887121 13.9867858593 -1.95123523301
26.0730968398 -10.3025326779 -1.84675056332
25.3907392974 19.9389100644 -1.84327958333
20.1221852495 -12.5836313299 -1.77991563161
19.3429969374 21.9492598052 -1.77595209803
25.778735419 -10.4365685248 -1.84344166403
25.0906318713 20.0595317572 -1.83994145557
34.9185270132 -4.52595110516 -1.94642189919
34.4877157489 14.5671978277 -1.94423047141
31.4795859376 -7.28782454345 -1.90760058146
30.927702244 17.1711402731 -1.90479328889
25.0339403893 -10.7646098379 -1.83507099251
24.3317987868 20.3536437916 -1.83149937602
21.7074943931 -12.0560091948 -1.79770929972
20.950490643 21.4936830761 -1.79385861338
24.9503207395 -10.8004771493 -1.83413133253
24.2466464714 20.3857027736 -1.83055191976
33.0568642006 -6.13832231997 -1.92538995429
32.5552227393 16.0939541426 -1.92283823124
27.8485297957 -9.4367364144 -1.8667159844
27.2034164357 19.1540792913 -1.86343445614
16.6646601548 -13.5664057754 -1.7411311104
15.8446634302 22.775075716 -1.73695999477
34.5179437356 -4.90217657135 -1.94189232566
34.0705707709 14.9249713046 -1.93961665271
20.9171576892 -12.3255507471 -1.78883758796
20.1488008293 21.7273006449 -1.78492915124
11.8184863861 -14.6069709561 -1.68681583929
10.9564879701 23.5959858865 -1.68243107169
39.3445296215 2.83779599259 -1.99690946293
39.2413506951 7.41058870425 -1.99638461787
29.8276971953 -8.33822616151 -1.88899080753
29.2301170745 18.145961212 -1.88595106882
17.5650902849 -13.3312089277 -1.75122876482
16.754785524 22.5807338713 -1.74710694975
16.9635212332 -13.4898884388 -1.7444824026
16.1466715993 22.7121169582 -1.74032729541
23.1204375438 -11.5399583135 -1.81357460926
22.3852718719 21.0418909257 -1.8098350077
18.9106369724 -12.9530202552 -1.76632174381
18.1160206992 22.2636235701 -1.7622797321
14.0507664564 -14.1729865881 -1.71182870711
13.2060706597 23.2631344846 -1.70753195355
18.5205698965 -13.0660408792 -1.76194590134
17.7212529028 22.358934442 -1.75787997826
20.4758898957 -12.4703829173 -1.78388503327
19.7014495871 21.8520811795 -1.77994565159
30.1351649719 -8.15286665623 -1.89245326869
29.5456324374 17.9746592841 -1.88945446601
34.5896397636 -4.8361841794 -1.94270283984
34.1451703722 14.8622800648 -1.94044193662
12.2155625623 -14.5351840626 -1.69126436444
11.3563979125 23.5421829373 -1.68689401148
28.9749386217 -8.83067604987 -1.8793906835
28.3560147871 18.5994445879 -1.87624237472
37.3985588464 -1.61628795064 -1.97454450337
37.0964619262 11.7723626457 -1.97300781286
34.2004269891 -5.18784667991 -1.93830374597
33.7404922212 15.1960284639 -1.93596417431
23.3534656228 -11.4504187867 -1.81619178676
22.6221014024 20.9629537078 -1.81247152222
29.3078922614 -8.64205538362 -1.8831384829
28.6971371667 18.4260344069 -1.88003172643
18.5854014088 -13.0474506756 -1.76267316615
17.7868569301 22.3432875086 -1.75861117265
19.7479641542 -12.7007501593 -1.77571635783
18.9638741471 22.0493794748 -1.77172789057
17.5896005618 -13.3246100096 -1.75150365639
16.7795684949 22.5752472524 -1.74738322844
26.5994336873 -10.0563872946 -1.85266797541
25.9276426788 19.7167566335 -1.84925074471
33.3366402401 -5.91608843503 -1.92854793575
32.844737744 15.8845662761 -1.92604575235
31.7884672219 -7.07523746374 -1.9110825857
31.245857758 16.9727022414 -1.9083224688
37.9070741011 -0.811444763814 -1.98033949181
37.640761554 10.991276164 -1.97898482734
27.0836081642 -9.82232061221 -1.85811242139
26.4218817995 19.5047677956 -1.85474638698
24.6012293819 -10.9481810513 -1.83020876396
23.8912483226 20.5175099119 -1.82659727015
35.0213088907 -4.42634232115 -1.94758452253
34.5948858068 14.4723265966 -1.94541541631
24.3001159638 -11.0729994911 -1.82682565538
23.5848115163 20.6286190171 -1.82318708284
11.7116102184 -14.6259014645 -1.68561853766
10.8488667302 23.6100762737 -1.68122998007
10.5227394316 -14.8254386657 -1.67230149282
9.65220595311 23.7557840974 -1.66787330952
30.9001582174 -7.67211161325 -1.90107071336
30.3315312338 17.5289000276 -1.89817825192
19.838989413 -12.6725148114 -1.77673775132
19.0560802995 22.0252787327 -1.77275529097
39.1307271966 1.98164056296 -1.99440182605
38.9891495397 8.25622879087 -1.99368165638
39.0979991718 1.87204868554 -1.99402091732
38.9515117544 8.36423286798 -1.99327577293
36.6377030297 -2.64859961488 -1.96589749747
36.2898187451 12.7693037885 -1.96412789823
28.4974168382 -9.0934596966 -1.87401665657
27.8671263289 18.8404212452 -1.87081052839
22.254758698 -11.8614747069 -1.80385355247
21.5059723064 21.3240319853 -1.80004466576
18.4259732162 -13.0930280509 -1.76088475679
17.625535262 22.3816271825 -1.75681313167
31.0468548355 -7.57653825202 -1.90272367656
30.4823893217 17.4400409706 -1.89985238347
18.4701463754 -13.0804463957 -1.76138026934
17.6702309502 22.3710508475 -1.75731130219
17.52067586 -13.3431397749 -1.75073064477
16.70987817 22.5906491778 -1.74660632229
16.5905613155 -13.585142627 -1.74030023198
15.7697948935 22.7904511276 -1.73612520108
14.324355918 -14.1146036691 -1.71489501167
13.4820149918 23.2171517629 -1.71061023674
12.7449798332 -14.4358738051 -1.69719602826
11.8897556791 23.4668541352 -1.69284571961
13.919346374 -14.2006194454 -1.71035584878
13.0735379716 23.2848112633 -1.70605343568
17.3040886108 -13.4008262829 -1.74830162685
16.4909094459 22.6385073913 -1.74416519041
32.0308721797 -6.90439419763 -1.91381575639
31.4957217759 16.8129669953 -1.91109358183
36.3961201608 -2.94466739038 -1.96315630441
36.0351278093 13.0541731752 -1.96132002776
37.8236789126 -0.951662849255 -1.97938799803
37.5511267977 11.127589839 -1.97800159446
11.5680390051 -14.6510716732 -1.68401018818
10.7043063545 23.6287448103 -1.67961659897
35.2231784695 -4.22677820296 -1.94986852205
34.8055511371 14.2820713041 -1.94774415759
14.7813344629 -14.0144802938 -1.72001704152
13.9430444342 23.137743183 -1.71575287248
33.0217697543 -6.16576800023 -1.92499388376
32.5189260918 16.119788887 -1.92243604542
33.48644503 -5.79449960925 -1.930239219
32.9998742509 15.7698584325 -1.92776415669
37.4237974114 -1.57889844733 -1.97483176814
37.1233612331 11.7361496304 -1.9733035254
26.3834585805 -10.1584136572 -1.85023970577
25.7072855538 19.8089371853 -1.84680018485
18.8690014049 -12.9652184373 -1.76585465007
18.0738773163 22.2739312853 -1.76181005523
11.5903487393 -14.6471799583 -1.6842601092
10.7267689157 23.6258633796 -1.67986729738
35.5540593059 -3.887618595 -1.95361384234
35.1513927841 13.9581818986 -1.95156557973
17.768799011 -13.2760426532 -1.75351347564
16.960775159 22.5348124159 -1.74940326298
28.6589631394 -9.00555394994 -1.87583456088
28.0324731435 18.7598918222 -1.87264776496
31.236844841 -7.45104959156 -1.90486470041
30.6778460441 17.3232498926 -1.90202121512
21.1211077956 -12.2572551516 -1.79112680163
20.3556237883 21.6682741192 -1.78723297838
33.4124247542 -5.85481017393 -1.92940350452
32.9232090424 15.8267687882 -1.92691498811
14.8576677877 -13.997435209 -1.72087266529
14.0200688762 23.1241586072 -1.71661201178
15.693915696 -13.8045999957 -1.73024704554
14.8641633774 22.9692402202 -1.72602630566
32.1061233566 -6.85061488512 -1.9146643326
31.5733220448 16.7626367666 -1.91195410728
29.0100319335 -8.81100865719 -1.87978567223
28.3919594667 18.5813801633 -1.87664169414
15.8647026647 -13.763824441 -1.73216176731
15.0366156779 22.9362098391 -1.72794949856
35.2595932693 -4.19020495458 -1.95028060653
34.8435784873 14.2471778384 -1.94816444471
11.5952375627 -14.6463261924 -1.68431487555
10.7316912719 23.6252310024 -1.6799222343
31.8927222034 -7.00220250604 -1.91225802338
31.3533008254 16.9044442375 -1.90951412346
21.8542573871 -12.0044853387 -1.79935695033
21.099428215 21.4488316857 -1.79551732553
13.4209631253 -14.3030060925 -1.70477067141
12.5710438828 23.364613173 -1.7004473475
18.0744779305 -13.1918803441 -1.75694203087
17.2699390517 22.4645239982 -1.75284954538
31.9199345948 -6.98302993132 -1.91256484838
31.3813502872 16.8865186432 -1.90982520643
15.1269784808 -13.9365591021 -1.72389148294
14.2918512483 23.075492233 -1.71964340224
27.1976367498 -9.76609188941 -1.85939480187
26.5383304894 19.4537397788 -1.85604107793
18.7957905773 -12.9865891432 -1.76503333613
17.9997770891 22.291977926 -1.76098421714
14.8412914324 -14.0010997935 -1.72068910089
14.0035438997 23.127080775 -1.71642769139
23.9850686897 -11.2010924343 -1.82328633915
23.2643073411 20.7423707797 -1.81962000873
38.4405774477 0.190268813763 -1.98644086562
38.2189035523 10.0146467973 -1.98531326666
12.2676154318 -14.5256027442 -1.69184754679
11.4088299629 23.5349593149 -1.68747912263
30.1543350277 -8.14116562547 -1.89266916665
29.5653107497 17.9638348644 -1.88967294935
37.7792551 -1.02490214433 -1.97888134626
37.5034447878 11.1987507717 -1.97747836906
17.1124768701 -13.4511810276 -1.74615280175
16.2972215052 22.6801678716 -1.74200580421
16.5743470302 -13.5892302484 -1.74011842112
15.7534127412 22.7938032124 -1.73594253632
11.8643806588 -14.5987910935 -1.68732998604
11.0027044801 23.5898844983 -1.68294685757
16.8891591121 -13.5090696679 -1.74364852004
16.0715200054 22.7279244192 -1.739489397
15.4496075991 -13.8621017989 -1.72750817955
14.6175103503 23.0156635149 -1.72327551161
36.8750426939 -2.34424527728 -1.96859239747
36.5406445548 12.4759648757 -1.96689139883
14.272206689 -14.1258217581 -1.7143105272
13.4294128545 23.2260061435 -1.71002344844
30.5175925747 -7.91613748548 -1.89676071803
29.9383483294 17.7554211801 -1.89381424927
19.0816493788 -12.9025779628 -1.76824031429
18.2891342199 22.2209464588 -1.76420899042
14.6804114695 -14.0368747873 -1.71888581046
13.8412140688 23.1555625592 -1.71461702585
20.7840542474 -12.3696575913 -1.78734364811
20.0138434465 21.7653587126 -1.78342578086
35.9412431325 -3.46959544664 -1.9579993771
35.5570372059 13.5580488724 -1.95604501887
18.5740343648 -13.0507157118 -1.76254565253
17.7753541879 22.3460364894 -1.75848296877
11.9686601501 -14.5800913375 -1.68849822938
11.1077212784 23.5759075006 -1.68411885141
12.3201889339 -14.5158852431 -1.69243656767
11.4617882584 23.5276231325 -1.68807010086
31.0817851901 -7.55361281905 -1.90311729151
30.5183181617 17.4187144711 -1.90025107746
27.1809012302 -9.77437119163 -1.85920658833
26.5212385702 19.4612557669 -1.85585105146
37.6780831278 -1.18816071581 -1.97772797041
37.3950121146 11.3572796268 -1.97628805987
32.6643048957 -6.4401033652 -1.92096030788
32.1494513345 16.3777209029 -1.91834137823
35.4277485857 -4.01893800032 -1.95218384666
35.0192875436 14.0836701632 -1.9501061088
11.2964642943 -14.6978713267 -1.68096799733
10.4308971783 23.6632469349 -1.67656507665
31.8387971199 -7.04006169721 -1.911650026
31.2977230114 16.9398325023 -1.90889771906
21.1391273688 -12.2511793298 -1.79132906592
20.3738990676 21.6630172886 -1.78743654338
21.449002878 -12.1456254281 -1.79480747237
20.6882201328 21.5715483454 -1.79093756324
38.8465166397 1.13642542899 -1.99110864588
38.6671053672 9.087763823 -1.99019602618
19.3917967853 -12.8096893729 -1.77172001927
18.6031556448 22.1421422014 -1.76770840155
28.1632770455 -9.2721548455 -1.87025696218
27.5252666876 19.0038625071 -1.86701156509
12.0260931934 -14.5697246735 -1.68914166116
11.1655634493 23.5681420149 -1.68476436432
22.5871282763 -11.7400681183 -1.80758558453
21.8434795718 21.2177411277 -1.80380283193
18.4844905677 -13.0763531319 -1.76154117642
17.6847451673 22.367608772 -1.75747307414
35.8092385622 -3.61486257979 -1.95650381646
35.4186148074 13.6972138371 -1.95451681236
32.2097208979 -6.77598657806 -1.91583264019
31.6801802082 16.69275738 -1.91313900083
27.1345300907 -9.7972633476 -1.85868508881
26.4738820904 19.4820329647 -1.85532453977
34.0789673803 -5.29440860275 -1.93693138063
33.6143498251 15.2970032622 -1.93456798881
34.0700447676 -5.3021798388 -1.93683057236
33.6050857771 15.3043641174 -1.93446544375
39.2000989214 2.22895138843 -1.99521128037
39.0696054535 8.01229881713 -1.99454749315
12.766888275 -14.4316747855 -1.69744150573
11.9118312171 23.4636476114 -1.69309204706
12.5749520018 -14.4682195266 -1.69529095106
11.7184419654 23.4914975051 -1.69093410146
31.9850195768 -6.9369886964 -1.91329871968
31.4484456871 16.8434600507 -1.91056930421
24.2879813677 -11.077980208 -1.82668932598
23.5724646185 20.6330473106 -1.82304967351
26.1626047818 -10.2612669447 -1.84775678672
25.4820174043 19.9017237576 -1.84429481112
34.7503463503 -4.68616797117 -1.94451989454
34.3124797789 14.7196655179 -1.9422925782
