-32.2658650865 10.7441052252 1.63598364312
-32.079028149 -13.2498389108 1.63701269793
-40.1502349082 -0.635730278572 1.69131577496
-40.1396570385 -1.99415981209 1.69137403543
-40.1632484991 -0.918658875138 1.69143258102
-40.1570750222 -1.71146817226 1.69146658311
-33.9181238741 9.53459959128 1.64746576001
-33.7499218924 -12.0662091443 1.64839217777
-28.5542154315 12.9223005988 1.6102420809
-28.3339081112 -15.3699718327 1.61145548287
-35.0926344146 8.54336184719 1.65564051878
-34.9397262925 -11.0933812382 1.65648270149
-38.9644138765 3.63988693427 1.68274643018
-38.8873967633 -6.25079280199 1.68317062269
-39.8835604524 1.14673667871 1.6893094688
-39.845257042 -3.77225793948 1.68952043516
-22.9159217935 15.3151825943 1.5712269295
-22.659034454 -17.6747633738 1.57264180578
-26.7260976952 13.7974989637 1.59758252062
-26.4923828203 -16.2165963673 1.5988697683
-32.711756792 10.4356911007 1.63908056314
-32.5296686367 -12.9484056721 1.64008346275
-25.9834586356 14.1234654057 1.59244265987
-25.7447576239 -16.5309588038 1.59375737005
-37.5278049701 5.92462385546 1.67264400475
-37.4153824651 -8.51288160591 1.67326320201
-39.886846423 1.13298115931 1.68933339888
-39.8487568252 -3.75855525763 1.68954318761
-40.0116750736 0.532021254776 1.69025002628
-39.9829289258 -3.15961207338 1.69040835344
-39.6335938199 2.02532520864 1.68750527203
-39.5816386977 -4.64684741833 1.68779142888
-21.6046603144 15.757329568 1.56216445738
-21.34104654 -18.0964375862 1.56361638132
-38.9265409678 3.71492877366 1.68247867438
-38.8483598407 -6.32523577974 1.68290927802
-26.4527289272 13.9193505321 1.59569033525
-26.2171496388 -16.3341762236 1.5969878517
-38.7668978758 4.0187857847 1.68135122359
-38.6840042234 -6.62656996116 1.68180778273
-26.6539615022 13.8298677867 1.5970831925
-26.4197513034 -16.2478379505 1.59837316832
-39.2106226251 3.11878923853 1.68449029682
-39.1416905711 -5.73359229052 1.6848699587
-39.8351938419 1.34062495189 1.68895806662
-39.7938769265 -3.96536953057 1.68918563067
-40.167119481 -1.08212233419 1.69147497483
-40.163491107 -1.54808481389 1.69149495908
-39.4951780627 2.42055471145 1.68651502551
-39.4370849221 -5.03987356693 1.68683498915
-28.6059945842 12.8958727961 1.61060080522
-28.3860925383 -15.3443535468 1.61181197502
-28.4115777344 12.9946081193 1.60925393914
-28.1901616845 -15.4400494111 1.61047344773
-40.1592485954 -0.81120216593 1.69139470234
-40.1514022091 -1.81884956445 1.69143791842
-40.0686211905 0.174612262241 1.69067621651
-40.0454339714 -2.80313319236 1.69080392637
-22.3870666228 15.4979851347 1.56757144087
-22.1273966764 -17.8493083411 1.56900164311
-30.4873808149 11.8654740442 1.62364175495
-30.2832967582 -14.3433769488 1.62476580292
-39.6582868622 1.94952744521 1.68768243987
-39.6075091239 -4.57144336948 1.68796211195
-32.311221868 10.7132825725 1.63629861351
-32.1248594235 -13.2197262977 1.63732505492
-22.9712461023 15.2956999175 1.57160937015
-22.7146554528 -17.6561445773 1.57302261234
-16.8221988406 17.0838562979 1.5291392044
-16.5385073336 -19.348330304 1.53070171186
-34.2534597268 9.2644015412 1.64979850909
-34.0894248044 -11.8012657547 1.65070197565
-25.5096192308 14.3232998483 1.58916396761
-25.267863708 -16.7233903214 1.59049550134
-22.470633082 15.4695093874 1.56814901932
-22.2113964477 -17.8221373554 1.56957683497
-39.7175904352 1.75948363368 1.68810870376
-39.6697650069 -4.38234608578 1.6883721152
-37.6312622902 5.78730198787 1.67336890565
-37.5209657166 -8.37718744154 1.67397639377
-19.1184350711 16.499489326 1.54499077872
-18.843565317 -18.7997915036 1.54650469801
-34.5425662657 9.02360233298 1.65181042319
-34.382246188 -11.5649977528 1.65269342924
-35.6848704494 7.98953810204 1.65976777351
-35.5405150619 -10.548847031 1.66056284973
-32.6678641405 10.466595846 1.6387756562
-32.4853000362 -12.9786231674 1.63978117723
-39.7883075545 1.51539877313 1.68861869082
-39.7442746189 -4.1393920393 1.68886121408
-39.6743833949 1.8991080857 1.68779802676
-39.6243888718 -4.52128078116 1.68807338508
-21.3841189432 15.8281101205 1.56064058381
-21.1194296647 -18.1637752549 1.56209843138
-36.5734777482 7.07061439859 1.66596890352
-36.4433247612 -9.64387227156 1.66668575619
-38.1462337214 5.05333816164 1.67698205212
-38.0473045242 -7.65133182142 1.67752693134
-31.7125212151 11.1106582386 1.63214198004
-31.5200431437 -13.6077307285 1.63320210492
-34.9335674722 8.68538704889 1.65453264013
-34.778466918 -11.2329122055 1.65538689825
-24.1939571549 14.8470505915 1.58006335411
-23.9442049372 -17.2265898814 1.58143893179
-24.6592070314 14.6668931862 1.58328106336
-24.4122039412 -17.0536992579 1.58464149947
-38.8469099341 3.86890124589 1.68191606233
-38.7663406911 -6.477949556 1.68235981916
-39.2175420509 3.10319397198 1.68453939794
-39.1488520187 -5.71810666529 1.68491772682
-25.3842052812 14.3751674935 1.58829627498
-25.1416572449 -16.7732987136 1.58963217369
-33.2186595348 10.0696458713 1.64260272081
-33.0422102372 -12.5902983891 1.64357456289
-25.5247980573 14.3169936027 1.58926898705
-25.2831388993 -16.7173212072 1.59059999002
-28.3502896193 13.0254563546 1.60882937879
-28.1284006099 -15.4699395187 1.61005149233
-23.9377385322 14.9439932272 1.57829154263
-23.6865077214 -17.3195308898 1.57967526406
-16.2672053379 17.2116244499 1.52530922515
-15.9815914292 -19.4674405265 1.52688232076
-38.6517370611 4.2268198165 1.68053899709
-38.5656177149 -6.83278546688 1.68101332261
-33.34312296 9.97708537113 1.64346779992
-33.16809999 -12.4996872744 1.64443178612
-37.2405909436 6.2909544669 1.67063300103
-37.1224984977 -8.87469525985 1.67128342702
-30.7274356033 11.7232790876 1.62530674428
-30.5255368019 -14.2049374013 1.62641875637
-34.0750268745 9.40934848257 1.64855713558
-33.9087563689 -11.9434165387 1.64947291521
-40.0868117227 0.0394285112277 1.69081438315
-40.0657274778 -2.66824909894 1.69093051031
-30.679448145 11.7519158161 1.62497388899
-30.4771092103 -14.2328233899 1.62608832523
-19.1936509577 16.4787668865 1.54551016794
-18.919094788 -18.7802428492 1.54702236007
-38.8274770534 3.90573277213 1.68177883614
-38.7463365994 -6.51447400458 1.68222573906
-30.3399805006 11.9514940025 1.6226195298
-30.1345747518 -14.4270911382 1.62375085734
-39.9332155605 0.929470437601 1.68967198906
-39.8982895576 -3.55579127988 1.68986435344
-37.0687946627 6.50057001255 1.66943104137
-36.9474587621 -9.08161015223 1.67009933155
-21.2604234463 15.8673713315 1.55978592788
-20.9951377626 -18.2011055016 1.56124706031
-17.3903249285 16.9477569364 1.53306032285
-17.1086839705 -19.2210943847 1.53461153636
-14.6631047088 17.5530303102 1.51424210543
-14.3723686883 -19.7838257088 1.51584341245
-28.2705684207 13.0653860648 1.60827714613
-28.0480672634 -15.5086229575 1.60950263125
-27.9903286783 13.2040112824 1.60633607927
-27.7657027291 -15.6428674331 1.60757326725
-39.8163395252 1.41231443042 1.68882145811
-39.7739084952 -4.03675671413 1.68905515845
-19.7355470882 16.3263778111 1.54925242851
-19.4632983234 -18.6363107346 1.55075191198
-29.3777575226 12.4902386212 1.61594868563
-29.1640787261 -14.9507865588 1.61712557921
-32.9475528978 10.2675457722 1.64071876106
-32.7680546322 -12.7839525825 1.64170739615
-26.4511961771 13.9200275433 1.59567972656
-26.2156065316 -16.3348292844 1.59697730005
-40.0969631156 -0.0426661275357 1.69089213011
-40.0771560775 -2.58632249369 1.69100122271
-29.062156393 12.6588242284 1.61376148727
-28.8458905274 -15.1144371387 1.61495262983
-38.9899470311 3.5885976865 1.68292701304
-38.9137255354 -6.1999073793 1.68334682347
-25.6424066421 14.2679199738 1.59008271912
-25.4014974336 -16.6700849463 1.59140959154
-17.8080930688 16.844182282 1.53594403106
-17.5280143933 -19.1240378335 1.53748663988
-37.0011275602 6.58134228345 1.66895778636
-36.87854202 -9.16131890726 1.66963295928
-18.4908446513 16.6683912447 1.54065745676
-18.2134207333 -18.9589000156 1.54218544379
-40.1673833586 -1.10018722568 1.69147853236
-40.1640362723 -1.53002622204 1.69149696734
-23.5716292584 15.0797834897 1.57576007506
-23.3183282161 -17.4496035817 1.57715519885
-36.6005619869 7.04064293939 1.66615809974
-36.4708724531 -9.61432620619 1.66687239982
-33.7788554698 9.64410386 1.64649720704
-33.6089650951 -12.1735314276 1.64743292408
-40.1056303555 -0.117524375214 1.69095897
-40.0869880137 -2.51160829063 1.69106164773
-38.4531927437 4.56674280703 1.67914047627
-38.3618039435 -7.16957547918 1.67964382472
-20.4403900803 16.1198636286 1.55412077857
-20.1712718375 -18.4407975075 1.55560301985
-34.4438572141 9.10666926407 1.65112341738
-34.2822555268 -11.6465175002 1.65201348224
-36.0112170589 7.66557770163 1.6620438734
-35.8718670472 -10.2300078284 1.66281138116
-28.0543423455 13.172581874 1.60677944404
-27.8301980759 -15.6124386655 1.60801397904
-35.9081464272 7.76946276854 1.66132485747
-35.7671911395 -10.3322752681 1.66210120672
-38.2679692469 4.86544292218 1.67783756192
-38.1719513301 -7.46535504838 1.67836640648
-37.5459988966 5.90069193823 1.67277146431
-37.4339468707 -8.48923590898 1.67338862106
-38.5412215612 4.41875475792 1.67976027728
-38.4521266649 -7.02297617185 1.68025099145
-40.0062264967 0.562482751288 1.69020960888
-39.9770066409 -3.1899850302 1.69037054511
-31.9882725664 10.9301427861 1.63405621281
-31.7985721764 -13.4315312036 1.63510103886
-21.1278377133 15.9091081482 1.55886987956
-20.8619181504 -18.2407726137 1.56033450325
-35.331677761 8.32475508795 1.65730592072
-35.1821449571 -10.8785234032 1.65812951295
-18.5742913519 16.6463417424 1.5412335916
-18.2972006863 -18.9381526307 1.54275974315
-32.625178777 10.4965339493 1.63847914712
-32.4421536307 -13.007892938 1.63948720746
-33.0058236681 10.2254302925 1.64112365262
-32.8269741898 -12.7427496102 1.64210871435
-38.5588563335 4.38860135809 1.67988449064
-38.4702288696 -6.9931010395 1.68037263029
-37.8450731359 5.49343173656 1.67486799908
-37.7393269982 -8.08668231673 1.67545042445
-35.7497526729 7.92626646438 1.66022018409
-35.60637473 -10.4865934206 1.66100987677
-17.637167592 16.8869206465 1.53476415702
-17.3564440896 -19.1641093402 1.5363103174
-40.1681908292 -1.18591802072 1.69149235563
-40.1661787075 -1.44431839657 1.69150343793
-39.9445670634 0.876633698654 1.68975516929
-39.9104624963 -3.50313771499 1.68994300939
-38.659047989 4.21386586545 1.68059053649
-38.5731294847 -6.81994693339 1.68106375582
-38.4483260928 4.57480520424 1.67910622221
-38.3568123292 -7.17756111459 1.67961025894
-32.591612791 10.519995851 1.6382459925
-32.4082263489 -13.0308293006 1.63925604277
-39.8976969137 1.08697433014 1.68941247401
-39.860322452 -3.71272297251 1.68961832394
-30.2336615871 12.0129427756 1.62188226283
-30.0273118051 -14.4868768471 1.62301878989
-28.9269997375 12.7298617751 1.61282492813
-28.7096440121 -15.1833613932 1.61402207339
-28.6575819332 12.8694470599 1.61095820997
-28.4380851528 -15.3187343403 1.61216714766
-38.0287957112 5.2289136648 1.67615729206
-37.9271465643 -7.82505727353 1.67671715215
-22.9205971003 15.3135388291 1.57125924826
-22.6637347919 -17.6731926125 1.57267398668
-38.8520824268 3.85904994467 1.68195259273
-38.7716659682 -6.4681799961 1.68239550806
-32.6782199931 10.4593152986 1.63884759363
-32.4957680111 -12.9715047656 1.63985249712
-38.2927668266 4.82638388365 1.67801190532
-38.1973541588 -7.42668689744 1.67853741632
-31.4584645853 11.2733479937 1.63037869893
-31.2634837965 -13.7664445507 1.6314526082
-40.1074383044 -0.133780921489 1.69097297438
-40.0890489022 -2.49538186922 1.69107425897
-33.2097476077 10.076231577 1.64254078278
-33.0331968334 -12.5967445183 1.64351318377
-37.9895463893 5.28642794403 1.67588175885
-37.8870063474 -7.88195338277 1.67644652577
-26.2625054296 14.0028507724 1.5943737836
-26.0256488805 -16.4147041518 1.5956783349
-36.7739729987 6.84559519198 1.66736976163
-36.6472998635 -9.42200249041 1.66806744808
-37.3262422412 6.18388045145 1.67123250148
-37.2098068442 -8.76896800197 1.67187380082
-32.9419885638 10.2715555882 1.6406800987
-32.7624285291 -12.7878752636 1.641669074
-29.7562338672 12.2829037376 1.61857212366
-29.5457379477 -14.7493705028 1.61973148669
-25.7608703698 14.2181080964 1.5909024047
-25.5207225036 -16.6221238427 1.59222508382
-36.583504731 7.05953362863 1.66603894528
-36.4535230859 -9.63294898681 1.66675485424
-33.3862822297 9.94473094349 1.64376780194
-33.2117578731 -12.4680088522 1.64472904189
-35.9022001419 7.77541081122 1.66128338082
-35.761152948 -10.3381299932 1.66206023627
-13.4570581077 17.7834263782 1.5059238028
-13.1628804339 -19.9954131128 1.50754406565
-25.7752922322 14.2120176462 1.59100219637
-25.5352374622 -16.6162587103 1.59232436274
-11.3356907817 18.1364998073 1.4912974148
-11.0362720228 -20.3154094996 1.49294654434
-38.4924220566 4.50130389735 1.67941663619
-38.4020475621 -7.10475538883 1.67991439809
-34.4023754549 9.14131096403 1.6508347339
-34.2402393317 -11.6805090398 1.65172774232
-20.6086269554 16.0691510835 1.55528292754
-20.3402780454 -18.3927109198 1.55676093151
-37.6031201007 5.82495614421 1.67317169105
-37.4922405615 -8.41439879791 1.67378239001
-15.6559833217 17.3465326709 1.52109177593
-15.3683426391 -19.5928143539 1.52267603454
-39.4994970985 2.40888775526 1.68654586033
-39.4415851204 -5.02827528208 1.68686482617
-28.5622301381 12.9182162175 1.61029760593
-28.3419854509 -15.3660127527 1.61151066292
-40.166968624 -1.0726831777 1.6914730267
-40.1631932749 -1.55752047665 1.69149382045
-32.0115680335 10.9146997656 1.63421794577
-31.8221053087 -13.4164528159 1.63526146281
-22.6716911116 15.4003709713 1.56953871367
-22.4135067714 -17.7561382267 1.57096073353
-12.8961414092 17.8831509133 1.50205578428
-12.6004787675 -20.086390882 1.503684226
-35.8569403195 7.8205250639 1.66096769894
-35.7151960616 -10.3825339831 1.66174839366
-39.0078059783 3.55237863065 1.68305335347
-38.9321463467 -6.16397081732 1.68347006929
-26.5277878443 13.8861131572 1.5962098518
-26.292717051 -16.3021117069 1.59750456757
-39.9660153425 0.772976631018 1.68991270432
-39.9335223982 -3.39982721219 1.69009166797
-17.6821029639 16.8757337131 1.53507433474
-17.4015482238 -19.1536235033 1.53661956561
-19.7998620365 16.3079269792 1.5496966139
-19.5278928028 -18.6188636614 1.55119455779
-36.0856937043 7.58957066239 1.66256350986
-35.9475182989 -10.1551697664 1.66332454816
-40.0753184256 0.126406287429 1.69072693459
-40.052881093 -2.75503735318 1.69085051425
-38.7236556582 4.09792090812 1.68104613891
-38.6395348993 -6.70502211496 1.68150945667
-20.4592732241 16.1141991853 1.55425121714
-20.1902409024 -18.435427802 1.55573298519
-30.0856090658 12.097693296 1.62085567376
-29.8779574393 -14.5693115962 1.62199937108
-33.0842298266 10.1684016501 1.64166848868
-32.9062589325 -12.6869488346 1.64264871137
-30.7936384679 11.6835961959 1.62576596403
-30.5923496098 -14.1662902417 1.62687461669
-39.6954291801 1.83190861778 1.68794927674
-39.6464785843 -4.45441718962 1.68821888535
-40.143739325 -0.535998607122 1.69126147424
-40.1316091485 -2.09377824017 1.69132828446
-13.1720117369 17.8346855701 1.503958099
-12.8770703816 -20.0422273071 1.50558256803
-34.5986889636 8.97596848126 1.65220107098
-34.4391038697 -11.5182436275 1.65308002891
-40.0579903739 0.247910448649 1.69059602015
-40.0336629909 -2.87625694623 1.69073000977
-37.6589583028 5.75002028638 1.6735630152
-37.5492389487 -8.34034154694 1.67416732412
-30.6692253324 11.7580025466 1.62490298185
-30.4667928503 -14.2387501913 1.62601793332
-34.1739056333 9.32936226857 1.64924501162
-34.0088687416 -11.8649797776 1.6501539968
-35.5795530233 8.0910949969 1.65903352702
-35.4336288881 -10.6487515936 1.65983724354
-18.4021686877 16.6916866877 1.54004523101
-18.1243927488 -18.9808117593 1.54157515689
-35.8153894314 7.86169743108 1.66067791006
-35.6730090458 -10.4230543216 1.66146210842
-20.0135403591 16.2460636962 1.55117241827
-19.7425085955 -18.5603353087 1.55266519878
-39.9817168922 0.693536717998 1.69002837331
-39.9504591403 -3.3206414386 1.6902005338
-40.165579905 -1.00302374026 1.69145675529
-40.1607199367 -1.62714984201 1.69148352288
-24.024068156 14.9115072285 1.57888851497
-23.7733327728 -17.2883931673 1.58026950769
-34.0048502375 9.46561893037 1.64806898138
-33.8377119569 -11.9985873629 1.64898954053
-39.6712436652 1.90900756883 1.68777547455
-39.6210953609 -4.53113017159 1.68805167986
-38.3126524608 -7.24769880556 1.6793132596
-38.4052638144 4.64562205413 1.6788031776
-39.6841182622 -4.33706421767 1.68846647999
-39.7312367878 1.71398374544 1.68820696201
-29.3189448522 -14.8697435053 1.61818304623
-29.5313428084 12.4067937978 1.61701320722
-11.5290578091 -20.247021199 1.49632969328
-11.8273518214 18.0604460699 1.49468675858
-14.4407111702 -19.7712092052 1.5163123057
-14.7312424303 17.5393510977 1.51471212645
-19.254670538 -18.6921325507 1.54932219988
-19.5278138986 16.3854416395 1.54781778918
-25.0230998411 -16.8198016916 1.58882113347
-25.2663864317 14.4235110251 1.58748116698
-31.0025546586 -13.9244707406 1.6296729865
-31.2000279863 11.4354182467 1.6285853489
-33.9118816451 -11.9409802448 1.64949417819
-34.078113832 9.40686381679 1.6485786096
-29.1007735828 -14.9836497772 1.61669328933
-29.3149718256 12.5240836513 1.61551353476
-18.3321473482 -18.9294618015 1.54299929389
-18.6090984363 16.6371077727 1.5414739111
-18.4434935559 -18.9016271729 1.54376253076
-18.7199976813 16.6075426205 1.54223960974
-16.6208837965 -19.3302812044 1.53126661724
-16.904284241 17.064526609 1.52970571288
-34.8538936967 -11.1679764065 1.65589947625
-35.0079738771 8.61928456748 1.65505083811
-16.6568176884 -19.3223728374 1.53151303435
-16.9400906207 17.0560596334 1.5299528323
-30.8269140743 -14.0289817526 1.62847488092
-31.0260362215 11.5426516858 1.62737816201
-17.1956515279 -19.2012098549 1.53520784564
-17.476972284 16.9265205468 1.53365839573
-24.6659350071 -16.9577012786 1.58637759023
-24.9114123798 14.5669557116 1.58502555742
-23.7781152001 -17.2866728697 1.58030223884
-24.0288232137 14.9097126669 1.57892139686
-15.3106133945 -19.6043087922 1.52228003876
-15.5984400771 17.3589246832 1.5206947557
-11.6309186348 -20.2324568247 1.49702896262
-11.9289734886 18.0442972706 1.49538734515
-31.2795132016 -13.7566265141 1.63156192333
-31.4743391531 11.2632815354 1.63048886688
-27.8846446279 -15.5866435338 1.60838601471
-28.1083805948 13.1459420208 1.60715372855
-34.4107187188 -11.5416213451 1.65288702967
-34.5706713095 8.99978538165 1.65200604765
-34.4244484682 -11.5303228035 1.65298038328
-34.5842234449 8.98827440851 1.65210037952
-14.9358014047 -19.6776638712 1.5197088799
-15.2248158749 17.4381074923 1.51811705478
-11.1551812857 -20.2992205757 1.49376292875
-11.4543335203 18.1184611747 1.49211526716
-24.7330704803 -16.9320295611 1.58683692159
-24.9781399336 14.5402416641 1.5854871355
-16.2211969532 -19.4168139992 1.52852562175
-16.5059934146 17.1572728907 1.52695702846
-18.806325129 -18.8093920883 1.54624945844
-19.0813489061 16.5096686559 1.54473469084
-39.6701583863 -4.38111398138 1.68837470232
-39.7179645796 1.75824555293 1.68811139682
-39.4789397379 -4.93053848897 1.68711235197
-39.5353251577 2.31058112215 1.68680179407
-40.0560164271 -2.73432284725 1.69087008345
-40.0781307982 0.105645469433 1.69074828259
-28.5321494118 -15.2721415832 1.61280969726
-28.7509092097 12.8213951707 1.61160481869
-27.3576100943 -15.8322618152 1.60478437169
-27.5852349155 13.3997375747 1.60353066662
-37.6215546263 -8.24508229555 1.67465557692
-37.7297817649 5.65364647604 1.67405948677
-11.8247467964 -20.2043350122 1.49835954367
-12.1223402136 18.0131605488 1.49672046769
-29.8314368783 -14.5947976454 1.62168182642
-30.0394910331 12.1239006795 1.62053591207
-38.5065961428 -6.93256239176 1.68061695224
-38.5942764449 4.32750373486 1.68013402933
-37.1833578143 -8.80118055007 1.67169497179
-37.3002980558 6.21650096154 1.67105089188
-38.0964041532 -7.57880165554 1.67785767925
-38.194197904 4.9800522043 1.6773190538
-28.5976664526 -15.2395028701 1.61325722386
-28.8159100321 12.7877401747 1.6120551885
-30.1029342344 -14.4447779334 1.62353491638
-30.3086192516 11.9696713637 1.62240205069
-17.9992432517 -19.0113791113 1.54071723436
-18.2775103831 16.7241991786 1.53918460311
-11.9034924959 -20.192756965 1.49890009811
-12.2008960628 18.0003576664 1.49726206778
-35.8504489278 -10.2510530892 1.66266608135
-35.9901292687 7.68695393645 1.66189675421
-20.2457496926 -18.4196746898 1.55611329629
-20.5145299645 16.0975835926 1.55463291647
-27.2779463166 -15.8686114616 1.6042398913
-27.5061468608 13.4373233489 1.60298301527
-20.8800438482 -18.2353964159 1.56045866666
-21.1458774911 15.9034503464 1.5589945162
-35.2809120058 -10.7891459396 1.65880028515
-35.4290409822 8.23385044775 1.65798442487
-32.4778309715 -12.9836981662 1.63973028897
-32.6604750131 10.4717865388 1.63872432766
-10.0980465308 -20.4362296747 1.4865043888
-10.3994605568 18.2719155109 1.48484426979
-19.9395683078 -18.5058303959 1.55401546414
-20.2097273861 16.1884967511 1.55252749017
-17.7893825217 -19.062024956 1.53927854192
-18.0684637944 16.7781068628 1.53774142657
-19.5060681546 -18.6247672292 1.55104500112
-19.7781319693 16.3141696876 1.54954653631
-36.3164515771 -9.77833300748 1.66582599756
-36.4487138693 7.20703451712 1.66509752733
-10.8367140431 -20.3421329541 1.49157641449
-11.1365731572 18.1663275662 1.48992485957
-19.1003475101 -18.732907974 1.54826458482
-19.3741445683 16.4286152583 1.5467565737
-35.1310650992 -10.9243220072 1.65778256526
-35.2813173062 8.37134356122 1.65695501072
-35.622405328 -10.4713587213 1.66111867767
-35.7655440812 7.91078398174 1.66033030239
-11.2019636029 -20.292796917 1.49408411256
-11.5010101308 18.1113097941 1.49243703317
-18.3893900237 -18.9151795588 1.5433916738
-18.6661117571 16.6219358708 1.54186755425
-21.7742412219 -17.961897877 1.56658323815
-22.0357073175 15.6160604045 1.56514314313
-27.7394823849 -15.6551988903 1.60739409372
-27.9643035479 13.2167495512 1.60615583055
-25.8811279422 -16.4747922833 1.5946900086
-26.1189377519 14.0651821181 1.59338020696
-24.2618630918 -17.1098235477 1.5836127572
-24.5097584204 14.7253517993 1.58224740684
-10.1930310082 -20.4245526679 1.48715663602
-10.4942516738 18.2587608083 1.48549758199
-19.8240322865 -18.5378757662 1.55322381276
-20.0947044084 16.2223373788 1.55173301307
-38.5572997589 -6.84696448293 1.68095747314
-38.6436409197 4.24112664162 1.68048192592
-27.8594857313 -15.5985753131 1.60821410405
-28.0834105593 13.1582641311 1.60698077769
-12.0043961029 -20.1777913163 1.49959274429
-12.3015543784 17.9838225473 1.49795606497
-10.348183189 -20.4052114095 1.48822202197
-10.6490838449 18.2370058437 1.48656473048
-27.7433740087 -15.6533700849 1.6074206868
-27.9681662204 13.2148603666 1.60618258308
-36.5740230635 -9.50254347682 1.66757116437
-36.7019593272 6.92726748877 1.6668665209
-23.161692943 -17.5039888217 1.57608299114
-23.4158599052 15.1366012815 1.57468309807
-12.2908798838 -20.1345040027 1.50155921648
-12.5873293193 17.9360793171 1.49992644129
-31.9898345438 -13.3080993907 1.63640477767
-32.1775895714 10.8037475759 1.63537066623
-26.7782656674 -16.0921169842 1.60082427572
-27.010007393 13.6685828669 1.59954789568
-33.1740792417 -12.49535652 1.64447249813
-33.349034045 9.97266203204 1.64350888737
-11.5649836693 -20.2419012238 1.49657632409
-11.8631935933 18.0547672731 1.49493385253
-24.6938724036 -16.9470322754 1.58656873527
-24.9391802432 14.5558529571 1.5852176362
-16.8992214645 -19.2684653048 1.53317526733
-17.1816255161 16.9983838919 1.53161985087
-35.4525127164 -10.6312012885 1.65996544772
-35.5981612556 8.07325275836 1.65916324912
-28.8382537289 -15.1183184586 1.61490047264
-29.0545809633 12.662823999 1.61370899207
-31.2790869194 -13.7568877799 1.63155901625
-31.4739169911 11.2635494077 1.6304859371
-14.4341338949 -19.7724265289 1.51626717975
-14.7246849095 17.540670696 1.5146668917
-33.4692320526 -12.2784377215 1.64648185526
-33.6407730485 9.75117337569 1.64553704698
-30.4037627029 -14.2748577414 1.62558784799
-30.606765121 11.7950872327 1.62446975744
-39.4864631667 -4.91052659875 1.6871621735
-39.5425360344 2.29045450264 1.68685333706
-30.3216834871 -14.3216127129 1.62502775603
-30.5254239605 11.8431146838 1.62390560044
-35.865432824 -10.2363365955 1.66276773224
-36.0048821721 7.67200589592 1.66199967736
-26.2233011526 -16.3315721543 1.59702991519
-26.4588391427 13.9166509864 1.59573262621
-20.2056838497 -18.4310511399 1.55583879107
-20.4746461422 16.1095825742 1.55435740872
-25.9249968283 -16.4566144352 1.59499001796
-26.1625182398 14.0463233417 1.59368180475
-35.2402791266 -10.8260485056 1.65852434147
-35.3889877038 8.27138127987 1.65770528889
-31.7189852162 -13.4823019835 1.63455847781
-31.9094858963 10.9821467489 1.63350924395
-25.1705621532 -16.7619052833 1.58982990411
-25.4129292578 14.3633253334 1.58849500194
-21.806334085 -17.9517752039 1.56680302025
-22.0676386515 15.6054392042 1.5653638149
-25.0858894474 -16.7952187969 1.58925067576
-25.3287856015 14.3979533428 1.5879128597
-33.3304774944 -12.3811886174 1.64553730929
-33.5036354273 9.85607251774 1.64458359529
-28.0242561648 -15.5200467536 1.60933994274
-28.246938109 13.0771792655 1.6081134619
-16.7197964703 -19.3084609019 1.53194490716
-17.0028451191 17.0411686704 1.53038594041
-34.8284490375 -11.1899457863 1.65572656805
-34.9828744265 8.64164751117 1.65487602858
-21.0081519795 -18.1972113494 1.56133620612
-21.2733754426 15.8632749924 1.55987541639
-11.8440923745 -20.2014988272 1.49849234331
-12.1416392788 18.0100234556 1.49685352351
-39.8878517972 -3.59999081785 1.68979681792
-39.9234673733 0.973827154299 1.68960065554
-30.0359208986 -14.482096458 1.62307754853
-30.242195193 12.0080289041 1.62194143724
-17.6269834721 -19.1006942275 1.53816517087
-17.9066866231 16.8193003461 1.53662463035
-17.0208532866 -19.2410471811 1.53400929644
-17.3028156143 16.9690750251 1.53245631289
-23.2343398974 -17.4788350681 1.5765802845
-23.488106338 15.1103193094 1.57518259741
-18.9834381219 -18.7635078023 1.54746334698
-19.2577258791 16.4610319054 1.54595263321
-14.0885995335 -19.8354486734 1.51389641745
-14.3801738736 17.6090659081 1.51229049315
-18.5901061533 -18.8646405264 1.54476747322
-18.8660165176 16.568277387 1.54324782249
-20.5626756316 -18.3285873818 1.55828456177
-20.8299989957 16.0015721145 1.55681220627
-30.3488833526 -14.3061518383 1.6252133656
-30.5523797598 11.8272321239 1.62409255427
-34.9021172259 -11.1261592628 1.65622716001
-35.0555403518 8.57672155092 1.65538214078
-12.2431793444 -20.1417935259 1.50123179998
-12.5397480818 17.9441107558 1.4995983677
-29.1685795951 -14.9484442274 1.6171563136
-29.3822213694 12.4878264856 1.61597962392
-37.8075524358 -7.99297704189 1.67591069143
-37.9118310536 5.39867540812 1.67533634883
-34.5023981533 -11.4658499046 1.65351036034
-34.6611596589 8.92259548397 1.65263593855
-23.4699865998 -17.396407573 1.57819328653
-23.7224408453 15.0242322858 1.57680282671
-29.5071161193 -14.7700132695 1.61946780822
-29.7179381862 12.3041454257 1.61830664885
-18.6554744086 -18.8480260743 1.54521552193
-18.9311181141 16.5506470259 1.5436973399
-19.8280668299 -18.5367609993 1.55325145781
-20.0987211026 16.2211599206 1.55176075643
-17.6516836441 -19.0948420666 1.53833451247
-17.9312926659 16.8130642603 1.53679449039
-26.7568848066 -16.1015108202 1.60067810839
-26.9887754125 13.6783085096 1.59940090836
-33.6168787559 -12.1675463424 1.64748678282
-33.786674967 9.63799626793 1.64655158441
-32.0341867407 -13.2791852164 1.63670707606
-32.2214861177 10.774146249 1.63567547424
-38.3402744257 -7.20393438988 1.67949904275
-38.4322008985 4.60143281212 1.67899273292
-27.2479573658 -15.8822432867 1.60403491993
-27.4763738312 13.4514205132 1.60277685466
-24.7324635355 -16.9322621614 1.58683276901
-24.9775366846 14.5404836875 1.58548296257
-35.3460400711 -10.7296043108 1.65924254126
-35.4932339245 8.17330185542 1.65843183143
-24.427689742 -17.0478864024 1.5847474616
-24.6746004324 14.6608398885 1.5833875344
-11.7366868649 -20.2171776605 1.49775504103
-12.0344909552 18.0273729214 1.49611480471
-10.5422628305 -20.3805489122 1.48955466655
-10.8427558904 18.2093241016 1.48789962001
-31.1281414784 -13.8488304538 1.63052956989
-31.3244216519 11.3578314764 1.62944850392
-19.9199104479 -18.5113006444 1.55388077045
-20.1901570965 16.1942724513 1.55239231417
-39.6481614259 -4.44926459924 1.6882299642
-39.6970315778 1.82673044675 1.68796079866
-39.6121218836 -4.55781294473 1.68799252725
-39.6626867997 1.93582684272 1.68771402734
-37.0156942624 -9.00172662969 1.67056100089
-37.1357778844 6.41963360373 1.66989960796
-28.6832855733 -15.1966173663 1.61384203912
-28.9008509266 12.7435265982 1.61264373927
-22.3592703576 -17.7739360061 1.57058937199
-22.6177384344 15.4190111696 1.56916578937
-18.4947304927 -18.8887449117 1.54411373379
-18.7710277932 16.5938640526 1.54259195191
-31.2776762022 -13.7577523348 1.63154939568
-31.4725199085 11.2644358257 1.63047624143
-18.5392667893 -18.877509402 1.54441900369
-18.8153837218 16.5819363798 1.54289821524
-17.5822257589 -19.111271908 1.53785831445
-17.8620990605 16.8305737174 1.53631683678
-16.6451603456 -19.3249407347 1.5314330942
-16.9284746806 17.0588087491 1.52987266411
-14.3638451404 -19.7853942 1.51578493246
-14.6546066201 17.5547313411 1.51418348522
-12.7753867447 -20.058593178 1.50488469129
-13.0705952913 17.8526328884 1.50325875063
-13.9563964046 -19.8590811092 1.51298930594
-14.248354797 17.634754164 1.51138126637
-17.3639794619 -19.1623599172 1.53636198253
-17.6446748073 16.8850540938 1.53481597723
-32.2816733455 -13.1157759418 1.63839371086
-32.4663979843 10.6069028929 1.63737629011
-36.7652297469 -9.29032769968 1.66886595678
-36.8898380462 6.71209994716 1.66817964297
-38.2526597995 -7.34155744086 1.67890963854
-38.3467400629 4.74040352248 1.67839146612
-11.5924124518 -20.2379798782 1.49676462132
-11.8905579838 18.0504192781 1.49512250442
-35.5538798565 -10.5362574377 1.66065356838
-35.6980375691 7.97674191683 1.65985958091
-14.8236690289 -19.6991830903 1.51893962605
-15.1130322091 17.461370243 1.51734588032
-33.2945650679 -12.4075567848 1.64529282031
-33.4681379798 9.88299672108 1.6443368207
-33.7703097212 -12.0505590493 1.64853091086
-33.938265516 9.51863391189 1.64760584903
-37.833914859 -7.95637057166 1.67608850092
-37.9376202176 5.36166285736 1.67551731569
-26.5379050018 -16.1969368423 1.59918100734
-26.7713082044 13.7771329448 1.59789547627
-18.9414499828 -18.774437014 1.54717557565
-19.215913029 16.4726136371 1.54566389642
-11.6148308649 -20.2347669027 1.49691852185
-11.9129236437 18.0468575895 1.4952766955
-35.8949122133 -10.2072939574 1.66296771207
-36.0339057136 7.64250772225 1.66220216789
-17.8322802052 -19.0517345165 1.53957263139
-18.111196026 16.7671496624 1.5380364273
-28.847431063 -15.1136539174 1.61496315123
-29.0636845449 12.6580171127 1.61377207687
-31.4713937717 -13.6380863483 1.63287038641
-31.6643504621 11.1417677524 1.63180762541
-21.2140883704 -18.1351356871 1.56274680163
-21.4783201746 15.7979999868 1.56129147373
-33.6944906671 -12.1085958367 1.64801496907
-33.8633594467 9.57784432684 1.64708487874
-14.9004873642 -19.6844620467 1.51946661951
-15.1896119828 17.4454547586 1.51787418772
-15.7422338374 -19.5170900113 1.52524063099
-16.0286499481 17.2649952242 1.52366311704
-32.3585246058 -13.0643047487 1.63891738619
-32.5424383787 10.5542412025 1.6379044315
-29.2042548731 -14.9298507317 1.61739992117
-29.4176027699 12.4686797042 1.61622485011
-15.9141860399 -19.4815154444 1.52642001419
-16.200027307 17.2267473073 1.52484566634
-35.5913890351 -10.5008059686 1.6609081649
-35.7349901233 7.94071064835 1.66011724319
-11.6197435326 -20.2340618721 1.49695224681
-11.9178247365 18.0460761437 1.49531048421
-32.1406138457 -13.2093473108 1.63743242442
-32.3268127506 10.702659514 1.63640688374
-21.9545985747 -17.9047283218 1.56781835531
-22.2151525145 15.5560892315 1.56638328424
-13.4551165956 -19.9462980999 1.50954954489
-13.7484939787 17.7297665784 1.50793368985
-18.1403839574 -18.9768862179 1.54168477762
-18.4180968259 16.6875126049 1.54015519912
-32.1683965119 -13.1910092734 1.63762176541
-32.3543064747 10.6838910646 1.63659781616
-15.1715316569 -19.6317857021 1.52132598189
-15.4598030947 17.3885640617 1.51973824923
-27.3636440071 -15.8295004395 1.60482561107
-27.5912250945 13.3968825729 1.60357214687
-18.867621577 -18.7935764334 1.5466695753
-19.1423916285 16.492900402 1.54515620516
-14.8840067201 -19.6876280337 1.51935355881
-15.1731826401 17.4488770006 1.51776084446
-24.1088886098 -17.1663608422 1.58256593869
-24.3576829278 14.7842643782 1.58119563691
-38.9039475565 -6.21887021198 1.6832813923
-38.9804655409 3.60771048385 1.68285994887
-12.2955009905 -20.1337960667 1.50159093559
-12.5919388412 17.9352995064 1.4999582242
-30.368400367 -14.295037875 1.62534654609
-30.5717213329 11.8158155865 1.62422670106
-38.206032437 -7.41341505537 1.67859583184
-38.3012373736 4.81297851153 1.67807146498
-17.1709206088 -19.2068773743 1.53503827473
-17.4523326225 16.9325724923 1.53348832219
-16.628828867 -19.3285344817 1.53132110083
-16.9122011468 17.0626563764 1.5297603516
-11.8902154964 -20.1947153074 1.49880895798
-12.18765117 18.0025225227 1.49717075081
-16.9459405075 -19.257963198 1.53349562251
-17.2281753475 16.9871555431 1.53194113804
-15.496283985 -19.5671522631 1.52355363459
-15.7835095249 17.3188813712 1.52197166249
-37.2621687993 -8.70471406094 1.67222778767
-37.3775972378 6.118818914 1.67159203443
-14.3113775113 -19.7950247523 1.51542495019
-14.6022953271 17.5651777588 1.51382264188
-30.7383327237 -14.0811357227 1.62787058322
-30.9382777919 11.596178733 1.62676933185
-19.1559089823 -18.7182777893 1.54864536661
-19.4294714713 16.4131216365 1.54713864744
-14.722109077 -19.7185049518 1.51824288521
-15.0117854662 17.4822712675 1.5166474144
-20.8737663352 -18.2372591085 1.56041566495
-21.1396297465 15.9054105674 1.55895135053
-36.2946167565 -9.80121165846 1.6656780082
-36.4272379794 7.23025040877 1.66494756106
-18.6440130871 -18.8509446953 1.54513696399
-18.9197036334 16.5537437702 1.54361852398
-11.9950184226 -20.1791883288 1.49952837241
-12.2921995906 17.985365421 1.497891567
-12.3483471819 -20.1256782852 1.50195366781
-12.6446522085 17.9263597809 1.50032168798
-31.3132874495 -13.7358973544 1.63179224823
-31.507786496 11.242028952 1.63072099229
-27.346664327 -15.8372681214 1.60470956148
-27.5743684372 13.4049137228 1.6034554197
-38.0999494111 -7.5735285801 1.67788155756
-38.1976606158 4.97472456101 1.67734338675
-32.9289268416 -12.6709192272 1.64280309193
-33.1066453623 10.1520209985 1.64182425926
-35.7646701597 -10.3347202336 1.66208410138
-35.9056638279 7.77194669452 1.66130754074
-11.319532214 -20.2765175534 1.49489126625
-11.6183109717 18.0932016096 1.49324566168
-32.0855627471 -13.2455528135 1.63705723433
-32.272332146 10.73971789 1.63602855151
-21.2322847032 -18.1296094333 1.56287143645
-21.4964282421 15.7921910473 1.56141659469
-21.545232355 -18.0335067295 1.56501485258
-21.8078413651 15.691226732 1.56356846266
-39.3384245668 -5.28546671847 1.68618001814
-39.4003542267 2.6676544358 1.68583892384
-19.4687441166 -18.6348428158 1.55078923059
-19.7409693615 16.3248252676 1.54928987666
-28.3438645635 -15.3650913853 1.61152349998
-28.5640946746 12.9172657 1.61031052327
-12.0527418037 -20.170569137 1.49992460519
-12.349781748 17.9758483977 1.4982885776
-22.6951836082 -17.6626704553 1.57288930002
-22.9518782445 15.3025282224 1.5714754851
-18.5537291345 -18.8738532708 1.54451813376
-18.8297873775 16.5780554823 1.54299766856
-36.1582600415 -9.94240647103 1.66475366435
-36.2930965874 7.37355146626 1.66401101572
-32.4643428944 -12.9928542785 1.63963839112
-32.6471311571 10.4811515791 1.63863163548
-27.2996181282 -15.8587426908 1.60438801419
-27.5276623609 13.4271182983 1.60313199909
-34.3777563754 -11.5686772956 1.65266289989
-34.538134298 9.02735134567 1.65177957524
-34.3686017242 -11.5761742134 1.65260065052
-34.5290975043 9.03498991185 1.65171667674
-39.7250079869 -4.20417260243 1.68873493213
-39.770052069 1.58047150382 1.68848683971
-12.7974133592 -20.0550608628 1.50503586594
-13.0925642271 17.848758 1.50341024296
-12.6044491436 -20.0857648278 1.5037114768
-12.9001015544 17.8824631076 1.50208309143
-32.2348510692 -13.1469641206 1.63807464077
-32.4200670706 10.638816413 1.63705451371
-24.4154091336 -17.0524966243 1.58466343116
-24.6623931068 14.6656407867 1.58330310034
-26.3140234709 -16.2930413737 1.59765025404
-26.5489504307 13.8767121373 1.59635633046
-35.0673079559 -10.9810884712 1.6573494717
-35.2184519028 8.42909597703 1.65651700566
