-29.9504319672 12.5256580826 -1.84553485318
34.0517808105 13.0412718442 -1.15717100202
-31.602214489 11.3157400827 -1.87213848307
35.7230301736 11.8581248089 -1.14803438284
-26.2396647482 14.7047945117 -1.78975004789
30.3060490528 15.160337327 -1.18158317944
-32.776340744 10.324212797 -1.8920201542
36.9131330233 10.8856441938 -1.14248802919
-20.6023929577 17.0991310555 -1.71177024324
24.6305642697 17.4635361942 -1.22527561617
-24.4119128888 15.5804617757 -1.76373306573
28.4642911104 16.0064423358 -1.1950329249
-30.396201403 12.2171321825 -1.85258149667
34.5025110195 12.7399683124 -1.15457551094
-23.6694121744 15.9066195067 -1.75338241177
27.7165816725 16.3205946558 -1.20070994804
-35.2105184944 7.7048898717 -1.9374020268
39.3896037147 8.30588236804 -1.13505433923
-19.2913293436 17.5416194264 -1.69447912809
23.3124739449 17.8848436107 -1.23626187539
-6.56644023763 20.2538021136 -1.53834389639
10.5451299328 20.3916561139 -1.35430359792
-36.6084388028 5.49487807374 -1.96867710666
40.8232939749 6.11868255288 -1.13587456025
-24.138595694 15.7023837077 -1.75990919917
28.1890262725 16.1239447886 -1.19710922998
-36.4489067785 5.79876982239 -1.96472623211
40.6588390527 6.41996420227 -1.13540826682
-24.3397903796 15.6128491603 -1.76272244322
28.3916511655 16.0376634871 -1.19557926794
-5.61958559122 20.3592081663 -1.5274379877
9.59668460304 20.4817932766 -1.36378223431
-26.2914329677 14.6783534728 -1.79049904496
30.3582406387 15.1347338077 -1.18121405623
-26.097056997 14.7771385079 -1.78769040831
30.1622830772 15.2303742431 -1.18260357902
-20.0736191468 17.2820711653 -1.70476337977
24.0988836332 17.6379330852 -1.22967427254
-28.1723975416 13.6474757 -1.81823156802
32.2557293347 14.1342959591 -1.16830813053
-29.9957765025 12.4948240449 -1.84624759052
34.0976210207 13.0111724078 -1.15690301885
-20.6577086303 17.0796339972 -1.71250589482
24.6861898768 17.4449328996 -1.22481805953
-14.5094900066 18.8693991184 -1.63352647598
18.5096605826 19.1354075531 -1.27839516606
-31.9374450806 11.0454590155 -1.877720347
36.0626138468 11.5932801712 -1.14635840792
-23.1956582061 16.1065762233 -1.74683834511
27.2396368362 16.5128923656 -1.20439094488
-20.1571728926 17.2535736689 -1.70586753783
24.1828900345 17.6107854846 -1.22897626872
-35.3139245679 7.56754386512 -1.93952247877
39.4952306236 8.17022037015 -1.13492657599
-16.8054458062 18.2844291184 -1.66240418302
20.8148319482 18.5875050916 -1.25778630884
-32.2264581387 10.8045884492 -1.88259065044
36.3555075844 11.3570975546 -1.14497012145
-33.3683642206 9.77024452766 -1.9024439452
37.5140910384 10.3412868058 -1.14008093048
-30.3523209771 12.2480479158 -1.85188381577
34.4581333977 12.7701730225 -1.15482707299
-19.0708200045 17.6124574964 -1.69159739072
23.09084109 17.9521197007 -1.23813551584
-34.2566219954 8.85110637749 -1.91873335378
38.4171852248 9.43658012105 -1.13710378746
-35.8286233706 6.83346126099 -1.95044954768
40.0218042552 7.44452645093 -1.13465443362
-29.3972342006 12.8923502495 -1.83690955949
33.4926900832 13.3990032076 -1.16050871958
-32.6173285525 10.4662769997 -1.88927010105
36.7518305272 11.0251278815 -1.14318306087
-21.8802225309 16.6306673217 -1.72889774792
25.9158474846 17.015721375 -1.21483603976
1.1794690635 20.7750942518 -1.45164484719
2.79175527119 20.7880831302 -1.43430420388
-22.3453941047 16.4503894206 -1.73520467081
26.38389091 16.842961628 -1.21110594294
-36.5288640076 5.64886780762 -1.96668861862
40.7412244555 6.27137005001 -1.13562460746
-23.0702665134 16.1584762594 -1.7451138447
27.1134172512 16.5627653743 -1.2053726026
-30.902959778 11.8509603046 -1.86070624058
35.0151599772 12.3820089701 -1.15173620959
-23.2108343289 16.1002660581 -1.74704727304
27.2549136256 16.5068275348 -1.2042723422
-7.14891437274 20.1829815918 -1.5450970109
11.128679859 20.3302292995 -1.34851575832
-26.0357816724 14.8080024221 -1.78680705761
30.1005136795 15.260246886 -1.18304361285
-21.62404624 16.727676378 -1.72544122419
25.6581265945 17.1085903797 -1.21690664122
-13.9545595968 18.9973133883 -1.62664626841
17.952721953 19.2543643988 -1.28347345836
-36.3338222024 6.00682921732 -1.96195857865
40.5403847844 6.62614216471 -1.13515239679
-31.0273868222 11.7583687808 -1.8627209714
35.1410770218 12.2914342649 -1.1510584113
-34.9234415543 8.07128790357 -1.93162528344
39.0966037211 8.66760719196 -1.13551650504
-28.4123947991 13.5052199156 -1.82184923708
32.4980093997 13.9959254907 -1.16673875588
-31.7590686464 11.1904500984 -1.8747415596
35.8819020303 11.7353783722 -1.14724172716
-28.3644189149 13.5338687979 -1.82112449493
32.4495737343 14.0237976636 -1.16705095016
-16.880651957 18.2636869692 -1.66336177565
20.8903656822 18.567977331 -1.25712264678
-36.5094445925 5.68570356662 -1.96620884262
40.7212083299 6.30788810894 -1.13556897305
-28.0250321035 13.7335330435 -1.81601975407
32.1069832026 14.2179677725 -1.1692810893
-34.751723965 8.28094403607 -1.92824010047
38.9214978856 8.87446925026 -1.13586151667
-18.9471423212 17.6517509794 -1.68998433527
22.9665403773 17.9894154235 -1.23918954574
-15.0775496622 18.7331503263 -1.64060867042
19.0798623261 19.0083288072 -1.27323500251
-12.3506316255 19.3391423354 -1.60696620413
16.3434432131 19.5703071533 -1.29835243901
-25.9560770426 14.8479525321 -1.78565947974
30.0201695749 15.2989076136 -1.18361740927
-25.6758949393 14.9866495073 -1.78163828662
29.7377678267 15.4330723083 -1.18564698174
-17.4224768696 18.1111559787 -1.67028362888
21.4346010048 18.4241958443 -1.25236358191
-3.91050287356 20.5195109832 -1.50797396371
7.8852180223 20.6145395105 -1.38110728972
-27.0630288681 14.2725223334 -1.80174936483
31.1363376013 14.741387283 -1.17579694382
-30.6319310935 12.0489278828 -1.85634517689
34.7409462153 12.5755839734 -1.15323939924
-24.1370632309 15.7030611135 -1.7598878049
28.18748299 16.1245974157 -1.19712091632
-26.747496988 14.4411884124 -1.79712872484
30.8181031625 14.9049476224 -1.17799265916
-23.328421891 16.0511620661 -1.74866765031
27.3732846158 16.4596244689 -1.20335491131
-15.4952677362 18.6294658845 -1.64584231892
19.4992124246 18.9113879426 -1.26946572055
-34.6840872346 8.36173234221 -1.92691996686
38.8525557302 8.95415725144 -1.13601033177
-16.1779352276 18.4534956015 -1.6544437207
20.184653185 18.7464393948 -1.26335268945
-21.257996504 16.8635616229 -1.72052237467
25.2899142095 17.2385602721 -1.21988501087
-34.2836948978 8.82112843568 -1.91924433806
38.4447422696 9.40704228828 -1.13702720954
-31.4629888573 11.4252789033 -1.86984029631
35.5820407771 11.965406165 -1.1487499965
-36.135402806 6.3467964471 -1.95732531795
40.3364606995 6.96286804038 -1.1348464663
-18.1272243408 17.9044574342 -1.67934815347
22.142618748 18.2288787999 -1.24623337398
-32.1277813002 10.8876797207 -1.88092150798
36.2554919238 11.4385881222 -1.14543797907
-33.6945871685 9.44620500119 -1.90832652609
37.8455428078 10.0225456295 -1.13889001373
-25.7398955225 14.9552037012 -1.78255508404
29.802271592 15.4026617573 -1.18518167463
-33.5915561385 9.55011501581 -1.90645704439
37.7408348404 10.12478206 -1.13925483003
-35.9502894422 6.64553833624 -1.95313886722
40.1465115702 7.25858835613 -1.1346939302
-35.2287034843 7.68095370348 -1.93777332299
39.4081757223 8.28224232104 -1.1350303024
-36.2233771848 6.19878870921 -1.95935946321
40.4268313846 6.81629708358 -1.13496245452
-29.6729134909 12.7117653931 -1.84119197607
33.7712710538 13.2228835752 -1.15882989339
-18.8145755617 17.6935223968 -1.68825790189
22.8333114416 18.0290455413 -1.24032182833
-33.0153000116 10.105547569 -1.89619108274
37.1556182873 10.6708575727 -1.14148087095
-16.2613714543 18.4314242069 -1.65549915849
20.2684375408 18.7257151605 -1.26260961748
-30.3096474624 12.2779967082 -1.8512061856
34.4149782595 12.7994303632 -1.15507255688
-30.6901852552 12.0067978453 -1.85727942561
34.7998781268 12.5343980088 -1.15291327503
-36.241000875 6.16863137898 -1.95977070547
40.4449433739 6.78642764664 -1.13498934835
-35.5276260003 7.27362400182 -1.94397908649
39.7136856285 7.8797820397 -1.13473520582
-33.4332222537 9.70695712761 -1.90360509636
37.5799701504 10.2790526485 -1.13983596268
-2.2778641912 20.6373027215 -1.48964155826
6.2508770416 20.7060118514 -1.39791227413
-15.3243628694 18.6722491575 -1.64369835483
19.327633945 18.951412106 -1.27100527216
-36.3411283784 5.99387364919 -1.96213241419
40.547900768 6.61330600667 -1.13516681537
-36.1305391233 6.35485993605 -1.95721373984
40.331466475 6.97085211219 -1.13484091307
-30.2760907659 12.3014670175 -1.85067391739
34.3810441385 12.8223569539 -1.15526617355
-27.9187381384 13.7950087986 -1.81442879289
31.9997030617 14.2777229348 -1.16998718454
-1.49755148474 20.6815787646 -1.48096845797
5.46994630683 20.7377102261 -1.40603083621
-26.6123695855 14.512260453 -1.79515848834
30.6818372476 14.9738332677 -1.17894134281
-26.3430093907 14.6519145519 -1.79124597497
30.4102404187 15.109129316 -1.18084699172
-35.7112503841 7.00906362737 -1.94789714605
39.9015898974 7.61821476936 -1.13465735831
-20.6070675357 17.0974860749 -1.71183239149
24.6352649961 17.4619667428 -1.22523693009
-36.5340328994 5.63901538105 -1.96681667432
40.7465529523 6.26160219237 -1.13563976045
-30.3626739491 12.2407647757 -1.8520483426
34.4686034972 12.7630576369 -1.15476764117
-35.9750726012 6.60647367963 -1.95369247549
40.1719269971 7.21992810868 -1.13470763695
-29.1432427017 13.0551040472 -1.83299081196
33.2360841429 13.557643537 -1.16208160748
-30.8940504413 11.8575482328 -1.86056228944
35.0061446337 12.3884524937 -1.15178504401
-35.6720223886 7.06658691645 -1.94705270273
39.8614312363 7.67509850473 -1.13466674337
-23.9484076348 15.7859329455 -1.75725788751
27.9975039343 16.2044188962 -1.19856333325
-34.4570322315 8.6260392684 -1.92253925362
38.6212306573 9.21477138225 -1.13655963986
-35.009052726 7.96419372312 -1.93333196395
39.1839459142 8.56190635607 -1.13536301793
-30.6263683413 12.0529390892 -1.8562560519
34.7353189366 12.5795050309 -1.15327062654
-5.73532815886 20.346963994 -1.52876638393
9.71261119343 20.4714154742 -1.36261895615
-27.4414203708 14.0650910871 -1.80732865969
31.5180540683 14.5400796082 -1.17320103931
-23.4468643105 16.0013196151 -1.75030262525
27.4925223648 16.4116968136 -1.20243356157
-34.2666447866 8.84002320716 -1.91892241616
38.4273870069 9.42565988366 -1.13707532822
-31.0705333867 11.7260036023 -1.86342150869
35.1847444584 12.2597684763 -1.15082523681
-33.5856121222 9.55606449899 -1.90634952532
37.7347948151 10.1306349975 -1.13927620308
-11.1447056918 19.5698572199 -1.5923637847
15.1339219867 19.7815627451 -1.30972891058
-23.4612835697 15.9952254436 -1.75050186257
27.5070388761 16.4058357541 -1.20232158562
-2.18246152251 20.6431311054 -1.48857810087
6.15539205846 20.7103024088 -1.39890187324
-9.02353246063 19.9234928539 -1.5670641589
13.0072737024 20.1009771368 -1.33011593608
-36.1746080364 6.28134874933 -1.95822804761
40.3767255153 6.89806056812 -1.13489447071
-32.0863129856 10.9223316568 -1.88022203089
36.2134653155 11.4725674077 -1.14563651604
-18.2954379222 17.8537009231 -1.68152222257
22.3116360061 18.1808390833 -1.24478041974
-35.2857964228 7.60520457949 -1.93894346271
39.4664934887 8.20742296722 -1.13495916383
-13.3434050464 19.1323826895 -1.6191118509
17.3394501511 19.3795694929 -1.2891081299
-26.2476777646 14.7007080814 -1.78986593605
30.3141274984 15.1563805325 -1.18152599888
-29.6962028031 12.6963165145 -1.84155517985
33.794808641 13.2078119429 -1.15868945919
-20.3582001159 17.1843829425 -1.70852873088
24.3850165275 17.5448426398 -1.22730141724
-10.5838425295 19.6697302353 -1.58562723478
14.5715075659 19.8723864268 -1.315073563
-33.5403695145 9.60118972031 -1.90553232323
37.6888240256 10.1750253867 -1.13944002965
-24.213640527 15.669127007 -1.76095749909
28.2646023005 16.0919015177 -1.19653755535
-1.85194578247 20.662428013 -1.48490043992
5.82460570787 20.7242717434 -1.40233672348
-15.3692928399 18.6610504166 -1.64426163138
19.3727402117 18.9409387138 -1.27060018077
-17.4867832386 18.0926883135 -1.67110784013
21.4991993836 18.4067666599 -1.2518013822
-33.7690348709 9.37017996098 -1.90968432699
37.9212175522 9.94773000368 -1.13863320068
-36.4056935427 5.87791444168 -1.96367946787
40.6143439311 6.49840222667 -1.13530483344
-18.1461048796 17.8987880553 -1.67959197027
22.1615890436 18.2235143544 -1.24607009319
-27.7707200737 13.8797969146 -1.81221937311
31.8503250366 14.3601151725 -1.17097635289
-30.7685689407 11.9497496244 -1.85853916188
34.8791796176 12.4786201291 -1.15247705783
-28.4785816349 13.4655202614 -1.82285038132
32.5648334074 13.9572973967 -1.16630932683
-10.8596867292 19.6211918507 -1.58893611741
14.8481052509 19.828298617 -1.31244076008
-32.2825623804 10.7569407694 -1.88354265744
36.4123796205 11.3103600327 -1.14470703318
-35.3416066807 7.53025571571 -1.94009397238
39.5235157236 8.13338310304 -1.13489612469
-28.3541985632 13.5399581179 -1.82097020416
32.4392556591 14.0297215222 -1.1671175566
-0.0648203280175 20.7428293198 -1.46519183972
4.03640648145 20.7758695678 -1.42108186042
-31.857916258 11.1104394141 -1.87638977534
35.9820383258 11.6569707394 -1.14674980863
-33.2630856618 9.87182703945 -1.90056761534
37.4071737013 10.4411598278 -1.14048683396
-16.0892703471 18.4768143123 -1.65332314553
20.0956205689 18.7683265414 -1.26414330652
-1.27107729137 20.6929840268 -1.47846189351
5.24331625092 20.745465196 -1.40839754991
-33.4988343452 9.64237216397 -1.90478389662
37.6466243311 10.2155332466 -1.13959219774
-1.21121024016 20.6958905547 -1.47780009922
5.18340976162 20.747406806 -1.40902395758
-17.7004328618 18.0307691196 -1.6738503323
21.7138283266 18.3482977579 -1.24993760421
0.905800392472 20.7696618618 -1.45461207909
3.06547645087 20.7870606149 -1.43138408642
-21.7103616624 16.6951679948 -1.7266045451
25.744959561 17.0774769123 -1.21620769696
-31.6889139421 11.2467379269 -1.87357545521
35.8108408125 11.7905285389 -1.14759444426
40.2872836909 7.0409759842 -1.13479554748
-36.0875029271 6.42568646043 -1.95623030679
31.2912267174 14.6603881887 -1.17473854011
-27.2165799656 14.1890383872 -1.80400833225
13.5000667237 20.0327235409 -1.32534923784
-9.51515052533 19.8473086588 -1.57288511033
16.4117877879 19.5577094169 -1.29771448554
-12.4187622992 19.3254451289 -1.60779608472
21.2259608095 18.4799598976 -1.25418328346
-17.2147712059 18.1702741918 -1.66762540028
26.9948476533 16.6092351237 -1.20629757405
-22.9524684396 16.2068502309 -1.74349660779
32.9751087979 13.7155950749 -1.16370631713
-28.8848711653 13.2172395404 -1.82902978319
35.885028049 11.7329429872 -1.14722627965
-31.7621546358 11.1879646683 -1.87479292419
31.0730231526 14.7742325393 -1.17623154745
-27.0002570542 14.3063833642 -1.8008278712
20.3033860519 18.717033989 -1.26229993413
-16.296174157 18.4221811066 -1.65593967131
20.4147382019 18.6892301353 -1.26131429247
-16.4070593913 18.3925868671 -1.65734426235
18.5920405569 19.1173811521 -1.27764718883
-14.5915659249 18.85004783 -1.63454727341
36.8272773614 10.9602141879 -1.14285554964
-32.6917094623 10.4001562658 -1.89055403415
2.46891385776 20.7880847645 -1.43775724228
1.50226813856 20.7802972863 -1.44815381985
18.6279759927 19.1094826875 -1.27732116845
-14.6273681563 18.8415714334 -1.63499281411
32.7994377576 13.820055887 -1.16481371166
-28.7109225498 13.3245169535 -1.82637690878
9.16213943106 20.5191197708 -1.36815435277
-5.18570461007 20.4035308635 -1.5224699108
19.166833879 18.9884682637 -1.27245146165
-15.1641867191 18.7118911595 -1.64169234454
26.6376468468 16.7470346666 -1.209100336
-22.5975562142 16.3503866891 -1.73864037096
25.7497424261 17.0757579509 -1.21616923663
-21.7151159361 16.6933722004 -1.72666865968
17.2817188474 19.3910480555 -1.28964083208
-13.2858680459 19.1447898751 -1.61840480635
13.6019291938 20.0181870224 -1.3243671032
-9.61676316062 19.8311329069 -1.5740914142
33.2521164249 13.5478300894 -1.16198261155
-29.1591132343 13.0450335845 -1.8332349408
29.8567252883 15.3768820067 -1.18478965796
-25.7939226889 14.9285500086 -1.78332981304
36.3839872907 11.3337294604 -1.14483810511
-32.2545539529 10.780764572 -1.88306712155
36.3977205093 11.3224349283 -1.14477463884
-32.2681016287 10.76925026 -1.88329706984
16.9068939314 19.4643000957 -1.29310884725
-12.9122839417 19.224071238 -1.61382344802
13.1261846022 20.0848207086 -1.32896341935
-9.14216493807 19.905422732 -1.56846649563
26.7047889951 16.7213817474 -1.20857166928
-22.664272233 16.3236553836 -1.73955139077
18.1923370388 19.2038038429 -1.28128402213
-14.1933207436 18.9428989444 -1.62960191844
20.7775896715 18.5970953755 -1.25811381114
-16.7683644283 18.2946181675 -1.66193231113
30.504317726 15.0625631875 -1.18018469702
-26.4363168158 14.603838817 -1.79259906178
29.3296230166 15.622351512 -1.18861440131
-25.2708828743 15.1824796544 -1.77585994923
39.5958621099 8.03814594633 -1.13482574495
-35.4123942374 7.43386544527 -1.94156304304
8.81334765386 20.547289653 -1.37167690011
-4.83741682218 20.4373165487 -1.51849514902
13.7957606264 19.9901182269 -1.32250123566
-9.81011255763 19.7999449104 -1.57638979779
31.8037971725 14.3855879855 -1.1712858634
-27.7246127072 13.9060160143 -1.8115325627
3.60515467436 20.7822978787 -1.42564696825
0.366270381192 20.7562048228 -1.46048218361
40.4813304852 6.72590045517 -1.13504721372
-36.2763985421 6.10752587594 -1.96060063862
7.05167465957 20.6654613886 -1.38964660132
-3.07789716856 20.5838556689 -1.49859332006
39.157486567 8.59411089493 -1.13540815874
-34.9831207601 7.99682033617 -1.93281361978
40.070927466 7.37201150092 -1.1346646179
-35.8765604474 6.76016437521 -1.95150364576
30.5698439198 15.0299430266 -1.17972477443
-26.5013037467 14.5701672181 -1.79354284873
32.0753375955 14.2356455557 -1.16948899626
-27.9936782316 13.7517183622 -1.8155500819
19.9704646427 18.798859323 -1.26525643484
-15.9646275408 18.509359519 -1.65174961021
13.8745077081 19.9785617228 -1.32174432838
-9.88866131384 19.7871212017 -1.57732465653
37.8241180867 10.043584542 -1.13896377466
-33.673507523 9.46758633688 -1.90794313925
22.2171014491 18.2077766355 -1.24559258214
-18.2013539834 17.8821580211 -1.68030573395
29.2499492701 15.6586786914 -1.18919826334
-25.1918105519 15.2200857216 -1.77473644755
22.8514384007 18.0236743763 -1.24016761735
-18.8326127653 17.6878598866 -1.6884926478
37.2544131099 10.5815091735 -1.14108410928
-33.1126283384 10.0146191652 -1.89790368698
34.4506628185 12.7752458694 -1.15486950875
-30.3449339037 12.2532404587 -1.85176645281
10.7004617023 20.375751989 -1.35275966698
-6.72149291591 20.2353974737 -1.54013824742
12.0690377007 20.2215411008 -1.33926064248
-8.08738079702 20.0591572345 -1.5560492387
21.9109003794 18.2938474536 -1.24823192993
-17.8965932717 17.9731508612 -1.67637399637
19.7605933447 18.8494472138 -1.26712753526
-15.7556067284 18.5633220828 -1.64911539475
21.4773734149 18.4126641832 -1.2519912694
-17.4650560732 18.0989367091 -1.67082929972
9.63826345164 20.4780915086 -1.36336485616
-5.66109876895 20.3548369935 -1.52791429034
11.9756453578 20.2328758179 -1.34017583082
-7.99418509089 20.0719951397 -1.55495761411
38.2902695277 9.57100298517 -1.13746840381
-34.1319097652 8.98755640312 -1.91639163293
6.051489645 20.7148397251 -1.39997968103
-2.07864654103 20.6493418318 -1.48742184299
12.8077131307 20.1276460679 -1.33205342083
-8.82443190195 19.9533734735 -1.56471391829
6.29646783125 20.7039224153 -1.39744007631
-2.3234150141 20.6344790316 -1.49014961704
21.0716287816 18.5206926076 -1.25553313695
-17.0611220573 18.2134880556 -1.66566281972
37.1045242133 10.7166411569 -1.14168920504
-32.9649574558 10.1521483456 -1.89530843408
37.5960055095 10.2638226865 -1.13977694032
-33.4490077455 9.6914708109 -1.90388831722
5.26397114676 20.7447852619 -1.40818165108
-1.29171841878 20.6919714042 -1.47869014634
10.8335016684 20.3618730511 -1.35143920686
-6.85428965884 20.2193769056 -1.5416769444
13.1729675823 20.0784098361 -1.32851038831
-9.18883749269 19.8982589643 -1.56901860814
20.3606317727 18.7027675668 -1.26179301684
-16.3531802845 18.4069942502 -1.65666156844
11.142699901 20.328697084 -1.34837711959
-7.16290765076 20.1812236958 -1.5452596642
4.16740713954 20.7734550393 -1.419698536
-0.19576453678 20.7383045146 -1.46662581442
23.7457008762 17.7504243488 -1.23262098563
-19.7223127212 17.4002379251 -1.70013309097
29.7115440735 15.4453963608 -1.18583644034
-25.6498751147 14.9993944437 -1.78126584917
27.8529669482 16.2644664294 -1.19966576118
-23.8048664639 15.84830129 -1.75526194461
26.2335355872 16.8990438588 -1.2122998905
-22.1959708508 16.5088867235 -1.73317440585
9.14779008134 20.5203100711 -1.36829903911
-5.17137650517 20.4049521947 -1.52230616213
3.3069804124 20.7853800365 -1.42881341868
0.664355422756 20.7640905568 -1.45723567841
10.14827357 20.4308257281 -1.35825899072
-6.17027311056 20.2993604729 -1.53377007309
12.1640230492 20.2098900172 -1.33833075236
-8.1821641532 20.0459773388 -1.55716037045
5.86433901656 20.7226670586 -1.40192359579
-1.89164777817 20.6601833826 -1.48534166382
21.7953570919 18.3258608046 -1.24923130778
-17.7815859305 18.0070215711 -1.67489372996
40.5320621753 6.6403185514 -1.13513670678
-36.32573131 6.02113783423 -1.96176635628
29.8315630862 15.3888066782 -1.18497071225
-25.7689577789 14.9408785135 -1.78297173453
9.72735374832 20.470083002 -1.36247111425
-5.75004710451 20.3453941744 -1.52893540969
13.9754131313 19.9636236828 -1.32077539578
-9.98931049561 19.7705594002 -1.57852350686
12.3191767458 20.1905911104 -1.33681379997
-8.33698355459 20.024181231 -1.55897727585
29.7154362028 15.4435686544 -1.18580831034
-25.6537370001 14.9975042695 -1.78132111603
38.5479283009 9.29529041675 -1.13674895281
-34.3850493911 8.70772874754 -1.92116597876
5.90997077942 20.7207994875 -1.40144932103
-1.93724317827 20.6575808684 -1.48584856578
7.8272350461 20.6183708385 -1.38169916637
-3.85258982589 20.5242759912 -1.50731934231
25.1332652795 17.2929018039 -1.22115913049
-21.1022521496 16.9204198532 -1.71843660664
6.39516389584 20.6993086663 -1.39641851918
-2.42202308561 20.6282757637 -1.49125012771
14.2619023461 19.920414777 -1.31803030334
-10.2750592269 19.7227404388 -1.58193301281
33.9625699345 13.0995066899 -1.15769506092
-29.8621801659 12.5853226007 -1.84415024539
28.7502076562 15.8820434153 -1.19289362862
-24.6957682017 15.4514726669 -1.76772184431
35.1470575793 12.2871052405 -1.15102641865
-31.0332961699 11.753943969 -1.86281685841
9.56576398106 20.4845313663 -1.36409273183
-5.58871356581 20.3624440691 -1.52708388594
13.535993158 20.0276133899 -1.32500271919
-9.55098911753 19.8416203553 -1.57331044702
26.6655870162 16.7363734857 -1.20888023694
-22.6253192823 16.3392767525 -1.73901937767
18.8703903781 19.0556419702 -1.27512601877
-14.8688748731 18.7838321575 -1.63800238751
37.4260630005 10.4236150924 -1.14041438335
-33.2816870621 9.85398027195 -1.90089838895
30.8104652704 14.9088267777 -1.17804570108
-26.7399232043 14.4451901158 -1.79701816043
11.7206416294 20.2632156805 -1.34267921148
-7.73970836175 20.1064394719 -1.55198137282
33.2516900661 13.5480912332 -1.16198524299
-29.1586911797 13.0453015633 -1.83322844728
16.4052103101 19.5589249343 -1.29777585915
-12.4122054579 19.3267664589 -1.60771619462
35.4422759348 12.0702719274 -1.14947035418
-31.3249483218 11.5323827177 -1.86757277012
32.3762150683 14.0658110958 -1.16752526851
-28.2917533511 13.5770586285 -1.82002827694
7.42448173721 20.643789003 -1.38581920025
-3.45030281273 20.5561797107 -1.5027809153
32.2941223452 14.112542665 -1.16805815642
-28.2104316308 13.625106695 -1.81880359131
5.65269373335 20.7309843647 -1.40412588177
-1.68016554185 20.6719094829 -1.48299308076
37.8391065991 10.0288724893 -1.13891212389
-33.6882547307 9.45263472763 -1.90821130546
28.1951784856 16.1213424487 -1.19706264801
-24.1447047651 15.6996825886 -1.75999449115
22.1770329946 18.2191419747 -1.24593720211
-18.1614756753 17.8941674263 -1.67979050144
27.896840684 16.2463009031 -1.19933066695
-23.8484389271 15.8294312808 -1.75586736165
37.2137687584 10.6183997787 -1.14124635883
-33.0725894617 10.0521597695 -1.89719816313
33.6916691056 13.2736315149 -1.15930647546
-29.5941475586 12.763789174 -1.83996526197
5.63968640993 20.731477044 -1.4042613667
-1.66716793825 20.6726116627 -1.48284887455
27.142325152 16.5513800468 -1.20514750143
-23.0989854054 16.1466266797 -1.74550853774
23.7777961826 17.7403106031 -1.23235240064
-19.7542392876 17.3896084073 -1.70055308129
27.0576437019 16.5846698262 -1.2058073592
-23.0148566222 16.1812764258 -1.74435278856
9.15191294173 20.5199683497 -1.36825746574
-5.17549326598 20.4045440935 -1.52235320847
35.3034902937 12.1729826146 -1.15019615594
-31.1878517996 11.637315963 -1.86533137277
29.9963553022 15.3103246791 -1.18378779554
-25.9324516274 14.8597517806 -1.7853196373
18.6909574983 19.0955881087 -1.27675015584
-14.6901153662 18.8266639607 -1.63577405323
36.8018259144 10.9821761089 -1.14296556232
-32.6666186345 10.4225253648 -1.89012044883
8.42635993986 20.5766879596 -1.37559891078
-4.45095808787 20.4729458841 -1.5140985008
22.9795555117 17.9855248858 -1.23907907392
-18.9600924574 17.6476512607 -1.69015312807
13.8151065412 19.9872873342 -1.32231522445
-9.82940988311 19.7968027005 -1.57661940674
32.0083135289 14.2729449969 -1.16993037856
-27.9272697482 13.7900927609 -1.81455635532
19.5981862991 18.8880716525 -1.26857932935
-15.5938493223 18.6045580507 -1.64708069859
18.9920276519 19.0282573828 -1.27402727267
-14.990050704 18.7544914224 -1.63951517242
25.2059185437 17.26776832 -1.22056768136
-21.1744870123 16.8941191236 -1.71940347471
20.9547126761 18.5512600857 -1.25655787744
-16.9447185562 18.2459352 -1.66417813474
16.0596656334 19.6218522143 -1.30100695732
-12.0677297891 19.3952526714 -1.60352590778
20.5613587403 18.6522840202 -1.26001895174
-16.5530596626 18.3532833443 -1.65919615011
22.5340484276 18.1167772465 -1.24287470066
-18.5167790162 17.7860641252 -1.68438921159
32.3213266753 14.0970895448 -1.16788132112
-28.2373809993 13.6092173024 -1.819209196
36.8755138176 10.9184111854 -1.14264837945
-32.7392595323 10.3575815891 -1.89137707806
14.2142008734 19.9276912427 -1.31848676512
-10.2274823818 19.7307844844 -1.58136472643
31.140839134 14.7390462288 -1.17576608735
-27.0674917257 14.2701090604 -1.80181492319
39.7819413717 7.78609771452 -1.13469710957
-35.5943487119 7.17885226504 -1.94539272581
36.4756900041 11.2579848022 -1.14441672179
-32.3450124099 10.7035523895 -1.88460493869
25.4415860037 17.1854065975 -1.21865535221
-21.4087836994 16.8079712822 -1.72254575721
5.28065950904 20.74423197 -1.40800724215
-1.30839559275 20.6911493133 -1.4788745942
31.4794263563 14.5607114002 -1.17346180717
-27.4031333658 14.0863425183 -1.80676218567
20.6267305793 18.6356876427 -1.25944232813
-16.6181529388 18.3356359154 -1.66002271968
21.7993918875 18.3247471557 -1.2491963778
-17.7856020802 18.0058430622 -1.67494539043
19.6228876771 18.8822263096 -1.26835830191
-15.6184523691 18.5983155022 -1.64738995569
28.7288242459 15.8914312313 -1.19305300293
-24.6745403178 15.4612037674 -1.7674229208
11.6014059901 20.2770971053 -1.34385200477
-7.62071417698 20.1222401206 -1.55059192971
35.5899562541 11.9594233765 -1.14870952305
-31.4708059671 11.4191693702 -1.86996903176
34.0069306998 13.0706052609 -1.15743405311
-29.9060649399 12.5557102492 -1.844838346
6.66165559844 20.6862319031 -1.39366475974
-2.68826712478 20.6109071821 -1.49422610809
3.84194527403 20.7790568416 -1.42313823931
0.129563541637 20.749149202 -1.46306606798
40.3149199524 6.99722020935 -1.13482313627
-36.1144237339 6.38149116367 -1.95684467394
29.2199565847 15.6723020604 -1.18941843694
-25.1620434265 15.2341905268 -1.77431388566
26.7041819898 16.7216141777 -1.20857644496
-22.6636690886 16.3238975631 -1.73954315091
10.8486594473 20.3602766808 -1.35128887295
-6.86941948092 20.2175365328 -1.54185236313
37.3195597002 10.5219867266 -1.14082694765
-33.1767980608 9.95405492195 -1.89903736282
5.96192842693 20.7186408953 -1.4009095353
-1.98915889954 20.6545854531 -1.48642597067
26.3993782126 16.8371531056 -1.21098319555
-22.3607848827 16.4443321386 -1.73541402685
13.7076991858 20.0029367867 -1.32334844598
-9.72227119472 19.814180576 -1.57534511834
5.16197787631 20.7480904353 -1.40924813966
-1.18979228523 20.6969193904 -1.47756341784
10.5611892341 20.3900268059 -1.35414386479
-6.58247092805 20.2519142826 -1.53852930117
12.5132584465 20.1659816035 -1.33491970523
-8.53063946366 19.9964480376 -1.56125342059
33.1007177117 13.6399907071 -1.16292124335
-29.0092336613 13.1396213563 -1.83093323024
21.8912412769 18.2993122537 -1.24840183684
-17.8770256488 17.9789316792 -1.67612200755
38.9897588831 8.79460630272 -1.13572127927
-34.8186767807 8.19999178083 -1.92955412999
8.09597129645 20.6002481549 -1.37895866894
-4.12099603001 20.5018259878 -1.51035598027
30.6554750829 14.9870817736 -1.1791254538
-26.5862264067 14.5259319517 -1.79477788791
24.3307757444 17.562625313 -1.22775022319
-20.3042557357 17.2030371756 -1.70781397151
20.4659778987 18.6763620375 -1.26086128642
-16.4580830304 18.3788949168 -1.65799113051
33.2502790955 13.5489553842 -1.16199395182
-29.1572944524 13.0461883336 -1.83320695845
2.15364003664 20.7868286328 -1.44113862903
1.81752107486 20.7841207958 -1.44475369378
20.5105166076 18.6651388399 -1.2604678036
-16.5024333195 18.366955613 -1.65855367671
19.5534264099 18.8986369791 -1.26898003692
-15.5492671794 18.6158431334 -1.64652050461
18.6163181481 19.1120473723 -1.27742691573
-14.6157535627 18.8443236053 -1.63484825903
8.3391038952 20.5830476785 -1.37648521187
-4.36381694093 20.4807105794 -1.51310910545
16.3349194059 19.571873304 -1.29843204041
-12.3421344141 19.3408456106 -1.60686273915
14.746419337 19.8446366308 -1.31340770042
-10.7582799342 19.6391660172 -1.58771873205
15.9274587249 19.6454483676 -1.30224673567
-11.9359240773 19.4209757596 -1.60192614768
19.3351696728 18.949664762 -1.27093757736
-15.3318691831 18.6703806321 -1.6437924419
34.2544658361 12.9072671616 -1.15599288262
-30.1509103987 12.38840544 -1.84869288308
4.47267440536 20.7669926442 -1.41648118665
-0.500886661828 20.7269247087 -1.46997339421
38.739202385 9.08313197645 -1.13627012784
-34.5728469468 8.49251643542 -1.92476418804
40.2272603941 7.13481588491 -1.13474444196
-36.0290141138 6.5204811168 -1.95490456639
10.4215929908 20.4040743708 -1.35553320412
-6.44312151054 20.2682090858 -1.53691849252
13.5634223831 20.0236995452 -1.32473824914
-9.57835107613 19.8372651026 -1.57363527332
37.5274597636 10.3287011588 -1.14003089896
-33.3815264465 9.75744514244 -1.90267926238
3.93142460864 20.7776491469 -1.4221915826
0.0401188350644 20.7463000619 -1.46404379539
8.34179540271 20.5828529821 -1.37645786204
-4.36650492831 20.4804725447 -1.51313961378
16.7947578368 19.4857885003 -1.29414951987
-12.8005121239 19.2473634864 -1.61245592088
35.267569901 12.1993403813 -1.15038567467
-31.152364911 11.6642490001 -1.86475288382
35.7434227617 11.8424806371 -1.14793181574
-31.6223499001 11.2997694098 -1.87247180731
39.8083156438 7.74949935016 -1.13468533159
-35.6201241337 7.14183377302 -1.94594183412
28.5098186016 15.9867956187 -1.19469108253
-24.4571147942 15.5600841257 -1.76436704645
20.9127221456 18.5621776805 -1.25692636262
-16.9029111399 18.2575278867 -1.66364534674
13.5858411608 20.0204927006 -1.32452214797
-9.60071474565 19.8336974822 -1.5739008214
6.48893089148 20.6948105931 -1.39544882805
-2.51570461603 20.6222675702 -1.49229650421
37.8685951012 9.99983859074 -1.1388111654
-33.7172670355 9.42312953566 -1.90873954148
19.8034931668 18.839168619 -1.26674460481
-15.7983337126 18.5523536625 -1.64965340742
3.32093884702 20.7852605877 -1.42866500416
0.650400760774 20.7637462349 -1.457387478
30.8196439188 14.9041648378 -1.17798196118
-26.7490248078 14.4403809068 -1.79715103036
33.4440317857 13.4293448844 -1.16080505528
-29.3490758881 12.923471899 -1.83616460223
23.1855065786 17.9235064315 -1.2373343299
-19.1650075965 17.5823227916 -1.69282737883
35.6675860652 11.9004954017 -1.14831445248
-31.5474669452 11.3589984001 -1.87123340697
3.72810860157 20.7807026624 -1.42434365869
0.243358519869 20.7526288659 -1.46182323763
16.8715787124 19.4710885662 -1.29343643236
-12.8770837882 19.2314277934 -1.6133926182
6.3692326599 20.7005328681 -1.39668683278
-2.39611516393 20.6299175915 -1.49096089492
17.7133551308 19.3039480056 -1.28566745498
-13.7160307878 19.0507470115 -1.62370034778
34.33133242 12.8558180902 -1.15555073606
-30.2269299188 12.3357246896 -1.84989507448
31.1765196816 14.7204628576 -1.17552171213
-27.102865277 14.2509532641 -1.80233475706
17.8853139319 19.2684207623 -1.28409062119
-13.8873890836 19.0124539417 -1.62581599693
37.5649800147 10.2932607689 -1.13989135288
-33.4184652248 9.72140489666 -1.90334054648
6.59071394281 20.6898013316 -1.39439717436
-2.61739283538 20.6156191062 -1.49343324778
11.6931943859 20.2664282806 -1.34294905366
-7.7123169791 20.1100938622 -1.55166140839
7.44785048309 20.6423711597 -1.3855797248
-3.47364542997 20.554385552 -1.50304383519
2.70276287195 20.7882137009 -1.43525508529
1.26844767517 20.7766585902 -1.45068159462
13.5907539087 20.0197890136 -1.32447479959
-9.60561540191 19.8329147366 -1.57395901926
34.1133785241 13.0007979511 -1.15681110552
-30.0113631658 12.4841970737 -1.84649279353
3.14483769017 20.7865888721 -1.43053873797
0.82645722876 20.7679115668 -1.45547364621
23.9260720575 17.6933049725 -1.23111365452
-19.9017310271 17.3402200176 -1.70249540853
15.4261654163 19.7325278497 -1.30696530301
-11.4361131048 19.5161203245 -1.59587752481
20.1116126058 18.7644054179 -1.26400122022
-16.1051964981 18.4726360498 -1.65352434934
34.1411666363 12.9824679036 -1.15664927523
-30.0388494372 12.4654217255 -1.84692545655
17.1426322238 19.4184867238 -1.29092581368
-13.1472460319 19.1744658159 -1.61670294454
8.88270458875 20.5418147035 -1.37097550959
-4.90667559892 20.4307248852 -1.5192846139
6.44520459501 20.6969220942 -1.39590092063
-2.47201840091 20.6250832828 -1.49180844783
29.3356576873 15.6195918382 -1.18857023862
-25.2768718589 15.1796231158 -1.77594510472
7.57730236113 20.6343899352 -1.38425408156
-3.60295050091 20.5443197332 -1.50450120402
20.8388895621 18.5812966758 -1.25757484865
-16.8293992667 18.2778339165 -1.66270909698
16.8550975206 19.4742500242 -1.29358936147
-12.860656188 19.2348543707 -1.61319160294
5.64816354718 20.7311561977 -1.40417306662
-1.67563874485 20.6721542807 -1.48294285492
26.0805465766 16.9555383731 -1.21351896235
-22.0439209615 16.5678386881 -1.73111268875
14.2665235438 19.9197081059 -1.31798609537
-10.2796683226 19.7219594068 -1.58198807954
32.3408469003 14.0859811459 -1.16775458334
-28.2567179511 13.5977958629 -1.81950037934
40.1806096006 7.20665896835 -1.13471277559
-35.9835382002 6.59306639017 -1.95388204843
19.1421018192 18.9941289618 -1.27267418104
-15.1395499907 18.7179495818 -1.64138408715
10.4774345307 20.3984862897 -1.35497720728
-6.49886482316 20.2617220563 -1.53756262573
18.5999859681 19.1156366188 -1.27757509138
-14.5994819142 18.8481755143 -1.63464577029
13.8612304734 19.9805164328 -1.32187190164
-9.87541761915 19.7892895692 -1.57716698888
18.9171115049 19.045152744 -1.27470377209
-14.9154192345 18.7725915671 -1.63858324038
17.4673961259 19.3539425912 -1.28792892483
-13.470917346 19.1046977683 -1.62068017961
39.2363284626 8.49766828434 -1.13527720776
-35.060383364 7.89912011862 -1.9343616216
16.2824501892 19.5814894499 -1.29892221616
-12.2898285126 19.3513058444 -1.60622602567
32.7108412399 13.8721845546 -1.16537629986
-28.6231856891 13.3780661958 -1.82504297624
21.1271934765 18.5060777997 -1.25504677278
-17.1164417116 18.1979799428 -1.66636905146
16.6931945753 19.5050824574 -1.29509331569
-12.6992760534 19.2682912327 -1.61121854635
22.8451604506 18.0255353258 -1.2402210201
-18.8263659125 17.6898217383 -1.68841134238
38.2684274817 9.59387512558 -1.13753308812
-34.1104426729 9.01077745003 -1.91599051389
20.6152686275 18.6386030944 -1.25954338941
-16.6067399188 18.3387356522 -1.65987775347
13.9660352801 19.9650181293 -1.32086540009
-9.97995655879 19.7721047535 -1.57841204491
14.3193707837 19.9116047915 -1.31748070256
-10.3323768092 19.7130057157 -1.58261797164
33.2858967493 13.5271106001 -1.16177433816
-29.1925520602 13.0237725651 -1.83374963043
29.3186758754 15.6273547309 -1.18869453599
-25.2600185618 15.1876585904 -1.77570549489
40.0744744392 7.36673952514 -1.13466561906
-35.8800211895 6.75483594396 -1.9515800171
34.9018523415 12.4625970698 -1.1523529013
-30.7909780249 11.9333633777 -1.85889987433
37.7383130948 10.1272262791 -1.13926374909
-33.5890744867 9.55259954319 -1.90641215035
13.2905379068 20.0621626093 -1.32737288077
-9.30612809333 19.8801196541 -1.57040710343
34.0583166801 13.0369876254 -1.15713273892
-29.9568972832 12.5212691239 -1.84563642191
9.37189600432 20.5014119303 -1.36604162673
-5.39514561582 20.3824458892 -1.52486578607
23.2037042224 17.9179852337 -1.23718047103
-19.1831130348 17.5765091294 -1.69306397098
23.5166747922 17.8219695134 -1.23454217118
-19.4944805727 17.4754636248 -1.6971406231
5.57252987781 20.7339866994 -1.40496112385
-1.60006103556 20.6762029694 -1.48210458639
2.30693025318 20.7875946004 -1.43949340853
1.66423848762 20.7824169557 -1.44640575983
21.4400471258 18.4227294335 -1.25231616217
-17.4278984207 18.1096020159 -1.67035309436
30.3160068684 15.1554596968 -1.1815126988
-26.2495419079 14.6997570872 -1.78989289863
14.0237597204 19.956414733 -1.32031153529
-10.0375334709 19.7625724679 -1.57909828228
24.6667164162 17.4514533504 -1.22497818379
-20.6383437986 17.0864673366 -1.71224830108
20.5249797388 18.6614867071 -1.26034008342
-16.5168351412 18.3630709387 -1.65873640814
4.82383705506 20.7581102646 -1.41279082304
-0.851858786623 20.7123858004 -1.47383471009
38.1320262296 9.73502932606 -1.13794944238
-33.9763556384 9.15411075458 -1.91349768188
34.4371720093 12.7843980958 -1.15494620536
-30.3315937539 12.2626088404 -1.85155457405
9.80334713294 20.4631689661 -1.36170937063
-5.8259180497 20.3372566911 -1.52980701453
29.2716237868 15.648816032 -1.18903928261
-25.213321779 15.2098751498 -1.77504194303
2.22913214916 20.7872425686 -1.44032812239
1.74203212234 20.7833184 -1.44556703579
36.3510166426 11.3607757867 -1.14499098821
-32.2220276241 10.8083385542 -1.88251556415
36.341859691 11.3682700319 -1.14503357659
-32.2129937913 10.8159793478 -1.88236250494
3.40462578961 20.7844932901 -1.42777557179
0.56673726888 20.761630731 -1.45829795198
14.7684464403 19.8411103496 -1.31319814789
-10.7802467839 19.6352853125 -1.58798234826
14.5754780263 19.8717614599 -1.31503571172
-10.5878023024 19.669041381 -1.58567467565
34.2076342832 12.9384418672 -1.15626352705
-30.1045921434 12.4203305779 -1.84796167214
26.387096413 16.8417598912 -1.21108053354
-22.3485796373 16.4491361964 -1.735247999
2.58083818457 20.7882317946 -1.43655903496
1.39035608869 20.7786410488 -1.4493630429
9.63480431953 20.4784003449 -1.36339957331
-5.65764511445 20.3552015204 -1.5278746583
28.2859111599 16.0828371756 -1.19637658924
-24.234799132 15.6597205392 -1.76125328386
37.0407494643 10.7733888843 -1.14195218784
-32.9021142549 10.2099161308 -1.89420960117
6.01210166367 20.7165239636 -1.40038852758
-2.03929112164 20.6516604418 -1.48698377959
