-33.0280178056 -12.5306614504 -1.65920145837
30.9704295609 -12.0305077671 -2.64486050785
-34.6990477803 -11.3472006434 -1.65058979459
32.6222359687 -10.8210786918 -2.68742483169
-29.2827238638 -14.6504702151 -1.68612664254
27.2596632106 -14.2085863208 -2.55695269836
-35.8889812546 -10.3745063569 -1.64631738111
33.7963925056 -9.82990882699 -2.71956246891
-23.6078106309 -16.9548635001 -1.73991290292
21.6224854278 -16.6013846252 -2.43651809344
-27.4411613806 -15.4969554089 -1.70216838416
25.4319317784 -15.08374738 -2.51648255724
-33.4786906458 -12.2292719587 -1.65662434751
31.4162036221 -11.7221124615 -2.65608984131
-26.6935283254 -15.8112642803 -1.70910095318
24.6894423541 -15.409701694 -2.50046530846
-38.3650432285 -7.79434169992 -1.645386578
36.2306900677 -7.21136926388 -2.79425756786
-22.2898415519 -17.3764568482 -1.75403016033
20.3114552476 -17.0435238415 -2.41014535433
-9.52351270248 -19.8861572504 -1.91330193672
7.58705075124 -19.7524366417 -2.17682679402
-39.7984266872 -5.60696080953 -1.65477630864
37.6287505868 -5.00186038144 -2.84725520611
-27.1659248497 -15.6145153562 -1.70469410359
25.1586185512 -15.2055942935 -2.51055989932
-39.6340120559 -5.90825944241 -1.65297798979
37.4691973325 -5.30569085279 -2.84046736187
-27.3685289272 -15.5281917164 -1.70283184629
25.3598102944 -15.1161149527 -2.5149166211
-8.57513306461 -19.9765161669 -1.92650893872
6.64024191818 -19.8576066284 -2.16084543687
-29.3349097461 -14.6248560443 -1.68569533426
27.3114310174 -14.1821597424 -2.55812241164
-29.1389735492 -14.7205365082 -1.68732173028
27.1170566464 -14.2808905188 -2.55373751896
-23.0761793521 -17.1293753932 -1.74554367132
21.0937246484 -16.7841835787 -2.42581744957
-31.2321840443 -13.6240361808 -1.67101059771
29.1923876932 -13.1518126604 -2.60162732974
-33.0738522363 -12.5005532308 -1.65893157824
31.0157745111 -11.9996869724 -2.64599490837
-23.6634310379 -16.9362482005 -1.73932891616
21.6777997735 -16.5819023605 -2.43764264567
-17.487441189 -18.6280840459 -1.80954316527
15.5297668005 -18.3700515644 -2.31805096792
-35.038584403 -11.0822940867 -1.64918975846
32.9574739098 -10.5508987105 -2.69641719853
-26.2166313931 -16.0036624583 -1.71363887857
24.2156964139 -15.6095292325 -2.49036210131
-23.160177996 -17.1022095915 -1.74464817011
21.1772762936 -16.7557083562 -2.42750244001
-38.4706501117 -7.65866444649 -1.64571369367
36.334103869 -7.0740584948 -2.79780387302
-19.7924196237 -18.0796673295 -1.78215015098
17.825644835 -17.7856787364 -2.36151710726
-35.331436775 -10.8460586469 -1.64809316327
33.2464940985 -10.3101158838 -2.70428219505
-36.4898483497 -9.83004507767 -1.64492267944
34.3884367161 -9.27612483744 -2.7365401477
-33.434318727 -12.2594850916 -1.65687036514
31.3723226857 -11.7530152984 -2.65497665058
-22.0682287233 -17.4437812848 -1.75645496386
20.0909518945 -17.1143034562 -2.40576099556
-37.392797137 -8.92518878295 -1.64406721924
35.2767345002 -8.35726978796 -2.76327220665
-38.9971189139 -6.93289818671 -1.64805130271
36.8488462404 -6.34015507506 -2.81617748384
-32.4689966194 -12.8885006424 -1.66262725845
30.4172276918 -12.3970390834 -2.63115663112
-35.7277024917 -10.5140184281 -1.64678657459
33.6373754258 -9.97192403926 -2.71509869122
-24.892971875 -16.5067726461 -1.72667648639
22.9002861774 -16.1332639903 -2.46275461393
-1.77064061858 -20.2844226494 -2.02613917546
-0.158449265753 -20.2718232275 -2.05096901215
-25.3609699041 -16.3339131073 -1.72199498709
23.365448244 -15.9531117205 -2.47244498975
-39.7163775109 -5.75965660654 -1.65384544252
37.5491649584 -5.15581936914 -2.84383495447
-26.0904243826 -16.0535621316 -1.71485435963
24.0903069496 -15.6613951551 -2.48770267052
-33.9912728095 -11.871215995 -1.65391167686
31.9229688168 -11.3560902055 -2.66907644134
-26.2319066577 -15.9975944024 -1.71349217305
24.2308722698 -15.6032231983 -2.49068438252
-10.1070216066 -19.8245944459 -1.90526148252
8.16949730829 -19.6817617893 -2.18674356532
-29.0772108582 -14.7504217894 -1.68783833537
27.0557818541 -14.3117373492 -2.55235918732
-24.6352757532 -16.5996967694 -1.72928660579
22.6441153521 -16.2302040305 -2.45745051623
-16.9305478146 -18.7471661461 -1.81635347766
14.9748565495 -18.4978225109 -2.30773806327
-39.5155857127 -6.11445045173 -1.65183769734
37.3540985711 -5.51370688203 -2.83573048009
-34.1171731798 -11.780617757 -1.65328335415
32.047397807 -11.2635356208 -2.67230351528
-38.0720973084 -8.15610993784 -1.64468800233
35.9435931815 -7.57767058905 -2.78462558107
-31.4744356586 -13.485617734 -1.66928772227
29.4323850278 -13.0096253942 -2.60733171325
-34.857897742 -11.2244251512 -1.64991820546
32.7790934461 -10.6958359173 -2.69161554636
-31.4260057021 -13.5134994828 -1.66962915138
29.3844091068 -13.0382605637 -2.60618836688
-19.8679468767 -18.0601228366 -1.78127509797
17.9008485985 -17.764956267 -2.36296350729
-39.6963662739 -5.79617674395 -1.65362873414
37.5297429749 -5.19264768075 -2.84301092338
-31.0834552499 -13.7077375465 -1.67208666113
29.0450223384 -13.2378280289 -2.59814315945
-37.8970228464 -8.3629986418 -1.64440384308
35.7718646232 -7.78726959013 -2.77900020576
-21.9439391982 -17.4811041549 -1.75782112441
19.9672776129 -17.1535641861 -2.40330819206
-18.0575960643 -18.5008774601 -1.80264636792
16.0978063574 -18.2339498857 -2.32868384024
-15.3213970291 -19.0634729125 -1.83642958391
13.3709896649 -18.8392393025 -2.27832953242
-28.9968754574 -14.7890989705 -1.68851307897
26.9760779366 -14.3516652521 -2.55056911797
-28.7145041276 -14.9233216272 -1.69090941206
26.6958985132 -14.4902842941 -2.54430144023
-20.4121351902 -17.9162210218 -1.77501425391
18.4426566246 -17.6125672921 -2.37342841462
-6.86378199904 -20.1096648024 -1.95076895465
4.93124492488 -20.0174855949 -2.13242765896
-30.1129205012 -14.231351598 -1.67943173874
28.0830219531 -13.7765450181 -2.57572469088
-33.7170949883 -12.0648425226 -1.65533255899
31.6519362696 -11.5539776017 -2.66210037706
-27.1643817252 -15.6151683061 -1.70470835222
25.1570861109 -15.2062712792 -2.51052678026
-29.7947215921 -14.3949763241 -1.68195505901
27.7674918293 -13.9451223941 -2.56848776255
-26.3502658117 -15.9503663624 -1.71235844548
24.3484577861 -15.5541512292 -2.49318450872
-18.4769113419 -18.4038428385 -1.79762400946
16.5155100056 -18.1303738851 -2.33655265825
-37.8280928655 -8.44269726587 -1.64431711314
35.7042237536 -7.86803552782 -2.77681010768
-19.162294529 -18.23874153 -1.78950777675
17.198154581 -17.9545813152 -2.34950582644
-24.2670984806 -16.729745615 -1.73305459918
22.2780737022 -16.3659908637 -2.44991058646
-37.4203495496 -8.89564653014 -1.64406876107
35.3038088208 -8.32730062226 -2.76411507098
-34.5580776475 -11.4545079085 -1.65120938929
32.4830075592 -10.930575734 -2.68372900562
-39.3117078589 -6.45120015728 -1.65013538048
37.1556566144 -5.85360075347 -2.82783191663
-21.120090941 -17.7207480591 -1.76698757241
19.1473829715 -17.4060540904 -2.38715886866
-35.2314353247 -10.9275671892 -1.64845559575
33.1478147393 -10.3931771346 -2.70158468552
-36.8212481008 -9.51124799211 -1.64441832242
34.7146729895 -8.95218826658 -2.74616423794
-28.7790009687 -14.8928978193 -1.69035871061
26.7598984603 -14.4588562721 -2.54572975589
-36.7165567226 -9.61350196874 -1.64455555667
34.6116375922 -9.05606564684 -2.74310221056
-39.1217999785 -6.7469440173 -1.64880633818
36.9705240676 -6.15227558852 -2.8207267656
-38.3836117366 -7.77069895459 -1.64544104616
36.2488763946 -7.18743927617 -2.79487810812
-39.4020583246 -6.30461844076 -1.65085182093
37.2436407201 -5.70562533607 -2.83129494065
-32.7475431548 -12.7123271217 -1.66088979702
30.6929088088 -12.2165342232 -2.63795499397
-21.8107222188 -17.5207633959 -1.75929034312
19.8347145346 -17.1953005224 -2.40068405335
-36.1314303243 -10.1596774507 -1.64568505843
34.0353596429 -9.61131760932 -2.72634457986
-19.2460717906 -18.2179986653 -1.78852373652
17.2815880639 -17.9325316833 -2.35109704843
-33.3911691229 -12.2887506318 -1.65711125602
31.3296486864 -11.7829515579 -2.65389574671
-33.7760192178 -12.0236454535 -1.65502124453
31.710191219 -11.5118647666 -2.66359377385
-39.4201662116 -6.27474688449 -1.65100247727
37.2612664102 -5.67547451864 -2.8319959404
-38.6890627018 -7.36819530633 -1.64653142391
36.5478222913 -6.7802122115 -2.80527698102
-36.5557172358 -9.7677997239 -1.644806424
34.4532972835 -9.21285782111 -2.7384372953
-5.22954775735 -20.2015240633 -1.97444082245
3.29869170813 -20.1348750967 -2.10578676522
-18.3053471459 -18.4439053358 -1.79967376463
16.3446110043 -18.1731127633 -2.33332803625
-39.5230999493 -6.10161344737 -1.65190652953
37.361405622 -5.50075404796 -2.83602757932
-39.30671474 -6.45918483243 -1.65009744739
37.150792406 -5.86166246453 -2.82764216792
-33.3572393456 -12.311683676 -1.6573018103
31.2960916168 -11.8064120179 -2.65304691606
-30.9761875536 -13.7675140672 -1.672871215
28.9387284938 -13.2992735524 -2.59563858875
-4.44866681023 -20.2334082211 -1.98592374134
2.51842106591 -20.1789597961 -2.09322592595
-29.6584707745 -14.4638896258 -1.68305198496
27.6323652962 -14.0161565345 -2.56540512552
-29.386903834 -14.5992409476 -1.68526697166
27.3630070389 -14.1557352359 -2.55928916299
-38.8769292992 -7.10660241776 -1.6474029142
36.7314624887 -6.51571596356 -2.81187015752
-23.612510918 -16.953293034 -1.73986351433
21.6271598934 -16.5997408946 -2.43661308819
-39.7217047016 -5.74988819907 -1.65390379627
37.5543345388 -5.14596892845 -2.84405497211
-33.4447874821 -12.252367718 -1.65681216613
31.382675777 -11.7457352002 -2.65523913499
-39.1472099781 -6.7082805514 -1.64897117737
36.9953097006 -6.11321983919 -2.82166468259
-32.2124220351 -13.0471908789 -1.66427899825
30.1632348767 -12.5597194506 -2.62494497113
-33.9822586557 -11.8776612066 -1.65395725567
31.914059345 -11.3626754918 -2.66884597309
-38.8367787885 -7.16349155444 -1.64720260701
36.6922310133 -6.57322547767 -2.81044726485
-26.9744220771 -15.6950295633 -1.70646977153
24.9684333832 -15.2890914266 -2.5064570782
-37.5968079576 -8.70334754878 -1.64412295526
35.4771555531 -8.13226788193 -2.76955671778
-38.1594235977 -8.05039600048 -1.644865789
36.0292100817 -7.47060508494 -2.78746691705
-33.711468442 -12.0687646413 -1.65536245318
31.6463734433 -11.5579871663 -2.6619579404
-8.69105169031 -19.9661112119 -1.9248855206
6.75597882084 -19.8453912644 -2.16278981417
-30.4945938328 -14.0299670774 -1.67647834046
28.461411872 -13.569220534 -2.58447725192
-26.4694915994 -15.9024135786 -1.71122183995
24.4668981836 -15.5043410627 -2.49570827053
-37.4029972057 -8.91426690812 -1.64406757758
35.2867578149 -8.34618986554 -2.76358403131
-34.1608348079 -11.7489438264 -1.65306910312
32.0905450724 -11.2311832708 -2.67342623375
-36.7105176498 -9.61935592173 -1.64456411011
34.6056933286 -9.06201325069 -2.74292620509
-14.1119693211 -19.2750040621 -1.85189367327
12.1651123196 -19.0696462806 -2.25659479304
-26.4840066518 -15.8965494618 -1.71108383891
24.4813171992 -15.4982508235 -2.49601589165
-5.13406890375 -20.2058373053 -1.97583891115
3.20329414031 -20.1406800553 -2.1042451096
-11.9854802023 -19.5949068649 -1.87982813139
10.044029833 -19.4227442417 -2.21911114239
-39.3519637163 -6.38638785363 -1.65044747181
37.1948661278 -5.78816742072 -2.82936787768
-35.1894146609 -10.9615540473 -1.64861165516
33.1063453923 -10.4278164748 -2.70045489054
-21.2890932573 -17.672671228 -1.76509168657
19.3155916546 -17.3553419247 -2.39045646933
-38.4419184547 -7.69587117193 -1.64562048938
36.3059735914 -7.11170960143 -2.79683492123
-16.3173252603 -18.8725095986 -1.82393542087
14.3637247877 -18.6327344037 -2.29646336289
-29.2908014271 -14.6465117715 -1.68605979353
27.2676761625 -14.2045021283 -2.55713366414
-32.7710778132 -12.6972509506 -1.66074573233
30.7161982949 -12.2010921172 -2.6385320818
-23.362285761 -17.036223 -1.74250244126
21.3782985263 -16.6865712671 -2.43156543569
-13.5495976358 -19.3659564319 -1.85919033327
11.604272507 -19.1693766504 -2.24659253998
-36.6645540934 -9.66375405154 -1.64463145007
34.560448854 -9.10712417956 -2.74158882314
-27.2414931278 -15.5824562833 -1.70399752957
25.2336622725 -15.1723581742 -2.51218294533
-4.80330369708 -20.2198852931 -1.98069507656
2.87279616241 -20.159895875 -2.09891696479
-18.3504496624 -18.4334218623 -1.79913420948
16.3895394279 -18.1619256899 -2.33417507429
-20.4767279524 -17.8987775823 -1.77427631335
18.5069610263 -17.5941165095 -2.37467565748
-36.8969107621 -9.43641975505 -1.64433240936
34.789123943 -8.87618687797 -2.74839026913
-39.5895275241 -5.98670229314 -1.65253547481
37.4259786671 -5.38481911198 -2.83867410396
-21.1390595624 -17.7153794458 -1.76677438721
19.1662629578 -17.4003896868 -2.38752860108
-30.8268267744 -13.8499361056 -1.6739752506
28.7907106797 -13.3840196315 -2.59216260853
-33.8553103353 -11.967852658 -1.65460742281
31.7885760008 -11.4548397196 -2.66560836537
-31.5412517723 -13.4469764416 -1.66881916748
29.4985719323 -12.9699446712 -2.60891157734
-13.826174362 -19.3218052892 -1.85559351037
11.880105164 -19.1209083781 -2.25150353765
-35.3883006902 -10.7993109342 -1.64789278961
33.3025998144 -10.2624853031 -2.70582170016
-38.4989297976 -7.62182313249 -1.64580857865
36.3617881031 -7.03677981768 -2.79876067491
-31.4156888417 -13.5194253823 -1.66970208015
29.3741887486 -13.0443469635 -2.60594499586
-3.01521635273 -20.2719101063 -2.00728937633
1.08576917125 -20.2398605316 -2.07044986944
-34.958020132 -11.1459992831 -1.64950980524
32.8779432566 -10.6158550633 -2.69427157596
-36.3829474944 -9.92993635582 -1.64512750986
34.2831541594 -9.37767434825 -2.73347707851
-19.0732694379 -18.2606484841 -1.79055539318
17.1094926299 -17.9778769098 -2.34781683208
-4.22205105685 -20.2412172147 -1.98927681036
2.29195922728 -20.1903096322 -2.08960101273
-36.6223610143 -9.70426903529 -1.64469671635
34.5189119956 -9.14829352038 -2.74036453984
-4.16214833726 -20.2431731131 -1.99016469745
2.23209545293 -20.1932015167 -2.08864434056
-20.6913381779 -17.8402613595 -1.7718325143
18.7206041704 -17.5322534478 -2.37882751545
-2.044345368 -20.2833342579 -2.02196995772
0.115203631213 -20.2664571862 -2.05522981169
-24.7221003924 -16.5685647178 -1.72840466088
22.730428915 -16.1977188881 -2.45923512407
-34.7868463426 -11.2795882955 -1.65021505789
32.7089372316 -10.7521026119 -2.68973761849
37.107751611 -5.93247329658 -2.82597066696
-39.2625416861 -6.52931408033 -1.64976915276
28.236572338 -13.693104344 -2.57926657835
-30.2677921835 -14.1503212704 -1.67822352657
10.5356262816 -19.3466842272 -2.22771593707
-12.4782369243 -19.52653966 -1.87327261124
13.4391176605 -18.8255595415 -2.27956695398
-15.3897362528 -19.0508596552 -1.83556523339
18.2349573688 -17.6716310158 -2.369407499
-20.2035130816 -17.9720311562 -1.77740522697
23.9725110081 -15.7097371077 -2.48520977489
-25.9718665586 -16.1000569581 -1.71600161837
29.9048623478 -12.7217805044 -2.61867521123
-31.9514782371 -13.2051934284 -1.66600738297
32.7821795029 -10.6933514176 -2.69169828815
-34.8610233279 -11.2219891961 -1.6499052799
28.0202504576 -13.8103883792 -2.5742805897
-30.049613152 -14.2642096416 -1.6799294152
17.3163896259 -17.9232976634 -2.35176130062
-19.2810173388 -18.2093097253 -1.7881137928
17.4272712402 -17.8937323658 -2.35387975215
-19.3923600339 -18.1814811309 -1.7868097019
15.611839781 -18.3507215065 -2.31958246656
-17.5698144257 -18.6100391502 -1.808541979
33.7117585886 -9.90582619656 -2.71718194829
-35.8031382582 -10.4490914339 -1.64656242595
-0.481229613029 -20.2769480926 -2.04596053267
-1.44781846204 -20.2845020723 -2.03107381142
15.6476407345 -18.3422543735 -2.32025102335
-17.6057469189 -18.6021326206 -1.80810574773
29.7309132543 -12.8290079425 -2.61448100719
-31.7758282437 -13.309688718 -1.66719745805
6.20638233273 -19.9018214511 -2.1535791692
-8.14061758863 -20.0139445595 -1.93261677266
16.1844403974 -18.2127131917 -2.33031236237
-18.1445604203 -18.4809974534 -1.80160124972
23.6176054303 -15.8531772629 -2.47773057664
-25.6147009998 -16.2379322126 -1.71948923867
22.7351830868 -16.1959243742 -2.45933349547
-24.7268827983 -16.5668447331 -1.72835615662
14.3061899638 -18.6451267934 -2.2954063297
-16.2595985614 -18.884001209 -1.82465356453
10.6372344925 -19.3305341745 -2.22950060698
-12.5800918478 -19.5119796902 -1.87192368514
30.1791054815 -12.5496535687 -2.62533168488
-32.228452368 -13.0373743058 -1.66417439621
26.8139251008 -14.4322176004 -2.54693704093
-28.8334488088 -14.8671068856 -1.68989534804
33.2745906472 -10.2863005667 -2.70505261599
-35.3599124183 -10.8226854467 -1.64799229912
33.2881386798 -10.2747903844 -2.70542448944
-35.3736436751 -10.8113884544 -1.64794403615
13.9326201219 -18.724312183 -2.28856136695
-15.8848034139 -18.9573380581 -1.82933439271
10.1626570625 -19.4047040622 -2.22118307484
-12.1043823748 -19.5787229993 -1.87824180314
23.6843201742 -15.8264640415 -2.47913292273
-25.6818365478 -16.2122650434 -1.71883011675
15.2136089601 -18.4434696858 -2.31216634302
-17.1701434926 -18.6965516547 -1.81341457677
17.7885646381 -17.7958580851 -2.36080448664
-19.7551805388 -18.0892658662 -1.78258214364
27.4563137624 -14.1076855964 -2.56140344846
-29.4809708185 -14.5526556507 -1.68449545914
26.2908907935 -14.6860021365 -2.53530801972
-28.3064028123 -15.1126849486 -1.6944389247
36.4325811896 -6.94041384741 -2.80122223329
-38.5712622332 -7.52657570118 -1.64606581846
5.85811190117 -19.9355206773 -2.14777200966
-7.79184946604 -20.0421963661 -1.93754491041
10.8305755121 -19.2993951094 -2.23290234077
-12.7739088791 -19.4838663004 -1.86936268308
28.7446034108 -13.4102256512 -2.59108259834
-30.7803042627 -13.8754182152 -1.67432185911
0.654702822318 -20.2531311582 -2.06366917617
-2.58399091914 -20.2784418442 -2.0137890943
37.2966681481 -5.61438213687 -2.83341155581
-39.4565450288 -6.21421547429 -1.65131257908
4.09868237285 -20.0816248287 -2.11878028861
-6.03029350707 -20.1607836958 -1.96278093005
36.0032763617 -7.50322299773 -2.78660358351
-38.132969087 -8.08260449448 -1.64480930213
36.8967878735 -6.26687524812 -2.81795925168
-39.0462318581 -6.86037685011 -1.64833830425
27.5213002237 -14.0740321865 -2.5628786967
-29.5464898036 -14.5200221527 -1.68396075433
29.0136684968 -13.2560044262 -2.59740363942
-31.0518133189 -13.7254216262 -1.67231735766
16.9848539655 -18.010389638 -2.34544585979
-18.948124066 -18.2912091274 -1.79203141884
10.9091208804 -19.2865912908 -2.23428650189
-12.8526500944 -19.4722916908 -1.86832442693
34.6935924382 -8.97356291628 -2.74553601808
-36.7998267863 -9.53229048586 -1.6444446864
19.2215104486 -17.3837742146 -2.38861110216
-21.1945670644 -17.699629534 -1.76615111783
26.2118193828 -14.7235863251 -2.53356116383
-28.2267374935 -15.1490285953 -1.69513682022
19.8527512351 -17.1896427838 -2.40104079701
-21.8288475532 -17.5153882669 -1.75909014457
34.1326913638 -9.52041949022 -2.72913364449
-36.2302102144 -10.0703119616 -1.64545375003
31.3649355275 -11.7582056712 -2.65478942139
-33.4268491066 -12.2645593573 -1.65691194961
7.74209604304 -19.7340707449 -2.17946020015
-9.67883359768 -19.8702168935 -1.91115530124
9.10792028298 -19.5581728611 -2.20286031567
-11.0473123619 -19.7156878362 -1.89244360607
18.9167587091 -17.4746867844 -2.38265049308
-20.8883929669 -17.7857676628 -1.76959955857
16.7758401611 -18.0642977829 -2.3414786311
-18.7382704045 -18.341843785 -1.79451529209
18.4852345247 -17.6003592003 -2.37425412707
-20.4549038823 -17.9046799214 -1.77452551821
6.681753062 -19.8532457867 -2.16154253087
-8.61670905862 -19.9728046587 -1.9259263831
9.0147288369 -19.570987346 -2.20125207144
-10.9539267364 -19.7270442043 -1.89370889061
35.1520159038 -8.4936795097 -2.75941305854
-37.26590261 -9.05963212526 -1.64408323939
3.09948472279 -20.1468653008 -2.10256939885
-5.03017314687 -20.210399316 -1.97736212933
9.84493812704 -19.4525746423 -2.21564021313
-11.7859342321 -19.6216218759 -1.88249673909
3.34424009972 -20.1320625945 -2.10652342699
-5.27513561623 -20.1994237992 -1.97377386782
18.0813130129 -17.7148046102 -2.36644046943
-20.0491943802 -18.0127979913 -1.77918122769
33.9850153751 -9.65790275376 -2.7249081262
-36.08034393 -10.2054699053 -1.64581076844
34.4690834005 -9.19737647174 -2.7389002224
-36.5717500976 -9.75256704274 -1.64477929758
2.31259922595 -20.1893020592 -2.08993100711
-4.24270465188 -20.2405323548 -1.98897082987
7.87488648582 -19.7180833781 -2.18171930085
-9.81186422413 -19.8563069426 -1.9093204129
10.209327558 -19.3975520786 -2.22199899877
-12.1511619158 -19.5723013363 -1.87761847538
17.3733938896 -17.9081256839 -2.3528500028
-19.3382582017 -18.1950305819 -1.78744297194
8.18348992949 -19.6800073971 -2.1869826133
-10.1210406573 -19.8230589674 -1.90506911444
1.21670602729 -20.2353676175 -2.07251612343
-3.14620895266 -20.2694641947 -2.00532157717
20.7424272222 -16.9022568108 -2.41875646448
-22.7230290426 -17.2419433023 -1.74933209452
26.6698789511 -14.5030220032 -2.54372131585
-28.6882831855 -14.9356510721 -1.69113385916
24.8248944642 -15.3514204978 -2.50337040571
-26.8298997875 -15.75510741 -1.70781961505
23.2160279846 -16.0115686237 -2.46932381252
-25.2106292237 -16.3900273515 -1.72349051691
6.19205493866 -19.9032392231 -2.15333982037
-8.12626921524 -20.0151382278 -1.93281906782
0.356634762984 -20.260944476 -2.05900005732
-2.28583475438 -20.2815956154 -2.01830260137
7.1909026453 -19.7978961208 -2.17011930079
-9.12668397407 -19.9254195434 -1.91880731466
9.20269931901 -19.545016794 -2.20449772192
-11.142290866 -19.7040147415 -1.89115850023
2.91249601708 -20.1576609794 -2.09955593905
-4.84303447342 -20.2182711551 -1.98011071615
18.8017548011 -17.5085272378 -2.38040782875
-20.7728598102 -17.8178064481 -1.77090746388
37.3460067136 -5.52801247412 -2.83540202118
-39.5072650343 -6.12862777836 -1.65176201276
26.7889604325 -14.4445391635 -2.5463790011
-28.8082893139 -14.8790367238 -1.69010928529
6.77069704736 -19.8438251093 -2.16303726225
-8.70579323103 -19.9647752875 -1.92467925006
11.0097657343 -19.2700549853 -2.23606197059
-12.9535479876 -19.4573304602 -1.86699587606
9.35751169097 -19.5232596279 -2.20717610202
-11.2974333555 -19.6846799008 -1.88906317367
26.6737407974 -14.5011329016 -2.54380739781
-28.6921748977 -14.9338225652 -1.69110052627
35.4051687415 -8.21393387768 -2.76728729119
-37.5235181199 -8.78387819431 -1.64409097739
2.95808896084 -20.1550696471 -2.10029011665
-4.88866332551 -20.2163927294 -1.97943995984
4.87333484949 -20.0222362906 -2.13147425482
-6.80580286901 -20.1135098134 -1.9516003945
22.122332885 -16.4228072944 -2.44671624951
-24.1104643922 -16.7841208075 -1.73467124071
3.4428429171 -20.1258835524 -2.10811944291
-5.37382532705 -20.1947866161 -1.97233132307
11.2955022594 -19.2223084687 -2.24111406331
-13.2400157424 -19.414055772 -1.86323528113
30.8821769872 -12.0901465371 -2.64265763613
-32.9388181425 -12.588913415 -1.65973158113
25.7157832102 -14.9548363599 -2.52266743863
-27.7270482864 -15.3724969456 -1.69957855661
32.0533072499 -11.2591125654 -2.67245716932
-34.1231529425 -11.7762876169 -1.65325389901
6.60937140682 -19.8608348494 -2.16032724211
-8.54421456399 -19.9792615011 -1.92694237484
10.5714633116 -19.3410049866 -2.22834514568
-12.5141606986 -19.5214212366 -1.87279661044
23.6453679664 -15.8420748507 -2.47831394608
-25.642638424 -16.2272651007 -1.71921475651
15.8891388876 -18.2845776278 -2.3247688553
-17.8481413976 -18.5482375397 -1.80517100588
34.3017562558 -9.35983340398 -2.73401683045
-36.4018338918 -9.91238838754 -1.64508989039
27.7599180924 -13.9491219719 -2.56831472311
-29.7870845481 -14.3988570282 -1.68201628531
8.76026380185 -19.6053677735 -2.19686939543
-10.6989412879 -19.75744323 -1.89717241243
30.178683425 -12.5499214257 -2.62532139835
-32.228026061 -13.0376355327 -1.66417717558
13.4325610766 -18.8268791923 -2.27944782084
-15.3831592903 -19.0520766661 -1.8356483739
32.3449644214 -11.0376382385 -2.68008614433
-34.4183317514 -11.5593994665 -1.65184483921
29.3117435077 -13.0814296397 -2.60445952249
-31.3526556625 -13.5555274333 -1.6701491371
4.47106860399 -20.0540406815 -2.12486864759
-6.40307615501 -20.1390231111 -1.95739272235
29.2304217769 -13.1294545008 -2.60252883556
-31.2705725639 -13.6022752708 -1.67073509637
2.70102520881 -20.1693352419 -2.09615558729
-4.63140265583 -20.2266388321 -1.98322669328
34.708340279 -8.95861598401 -2.74597542203
-36.8148129162 -9.51757592728 -1.64442614866
25.1647275311 -15.2028948494 -2.51069193618
-27.1720764325 -15.6119117295 -1.70463731188
19.1816333041 -17.3957731086 -2.38782967677
-21.1545021498 -17.7110036735 -1.76660090378
24.8684662376 -15.3325624055 -2.50430648745
-26.8737690685 -15.7369326775 -1.70740899122
34.0926510772 -9.55794762592 -2.72798435518
-36.1895720195 -10.1072095877 -1.64554701391
30.6141423114 -12.2685351158 -2.63600647096
-32.6679510889 -12.7630904277 -1.66138020116
2.68802830944 -20.1700342371 -2.09594686799
-4.61839615812 -20.2271346085 -1.98341846
24.1190253274 -15.6495533858 -2.48831123579
-26.1193294072 -16.0421706944 -1.71457544981
20.7743529596 -16.8916357845 -2.41939659746
-22.7551214114 -17.2318225833 -1.74898626568
24.0348980567 -15.684180257 -2.48652940315
-26.0346563762 -16.0754783759 -1.71539336062
6.19617149521 -19.9028321444 -2.15340858628
-8.13039179514 -20.0147955388 -1.93276094035
32.2078654603 -11.1425305644 -2.67648877815
-34.27956478 -11.6621358751 -1.652496166
26.9524527369 -14.3634579213 -2.5500391273
-28.9730637603 -14.800520916 -1.68871367801
15.7103857099 -18.32736314 -2.32142347986
-17.6687232621 -18.5882239106 -1.80734193296
33.6866669942 -9.92818756886 -2.71647828001
-35.7776905513 -10.471057837 -1.64663712842
5.47167261346 -19.9710542179 -2.14135501701
-7.40488780924 -20.071685708 -1.94303929485
19.9802273914 -17.1494678958 -2.40356481234
-21.9569531627 -17.4772107737 -1.7576778694
10.8498720044 -19.2962577853 -2.23324227427
-12.7932533535 -19.481030959 -1.8691074956
28.9472600921 -13.2943599399 -2.59583935485
-30.9847970238 -13.7627344137 -1.67280798643
16.6140882316 -18.1054916764 -2.3384159743
-18.5758769538 -18.3805044529 -1.79644489433
16.0103104592 -18.255268295 -2.32704097128
-17.9697686455 -18.5208257018 -1.80370370531
22.1945661001 -16.3965259464 -2.44819678909
-24.1831107799 -16.7589717067 -1.7339204466
17.9649131723 -17.7472212687 -2.36419683914
-19.9322883411 -18.0433913432 -1.78053081038
13.088099026 -18.8952772566 -2.27320228628
-15.037641591 -19.115082476 -1.84002942189
17.5732667795 -17.8544669754 -2.35667390207
-19.5389680888 -18.1445024642 -1.78509737718
19.5369263891 -17.287763542 -2.39480772405
-21.5114859312 -17.6085606154 -1.762608964
29.2573711455 -13.1135727958 -2.60316817243
-31.2977737079 -13.586816757 -1.67054044515
33.7593101297 -9.86326617666 -2.7185180959
-35.8513676079 -10.4072799504 -1.64642342368
11.2479274383 -19.2303404462 -2.24027171844
-13.1923178511 -19.4213431846 -1.86386025953
28.0874847887 -13.7741330018 -2.57582744549
-30.1174215284 -14.2290096351 -1.67939643824
36.6145506114 -6.68546367384 -2.80765324298
-38.7573048954 -7.2745015755 -1.64682896501
33.3650515203 -10.2091159828 -2.70754036368
-35.4516019985 -10.7469243851 -1.64767469371
22.4288575277 -16.310441033 -2.4530110064
-24.4187558502 -16.6765593897 -1.73149703266
2.32927548834 -20.1884840484 -2.09019768517
-4.25939196276 -20.2399750834 -1.98872366566
28.4231250007 -13.590461143 -2.58358787529
-30.4559705122 -14.0506066262 -1.67677348049
17.6383579584 -17.836836557 -2.35792143342
-19.6043343494 -18.1278915826 -1.78433569485
18.8057708304 -17.5073497852 -2.3804860831
-20.7768942525 -17.8166919107 -1.77086173053
16.6386904424 -18.0992555251 -2.33888137912
-18.600576267 -18.3746535975 -1.79615099177
25.694555608 -14.9645616142 -2.52220369434
-27.7056671014 -15.3818892085 -1.69977104288
8.6412751162 -19.6211385631 -2.19482441559
-10.5797141652 -19.7713523414 -1.89879626484
32.4908248208 -10.9244685435 -2.68393593216
-34.565992047 -11.4485236624 -1.65117402786
30.9260621395 -12.060546985 -2.64375223897
-32.9831733379 -12.5600034692 -1.65946716823
3.70907283269 -20.1085804275 -2.1124375904
-5.64029981105 -20.1816466245 -1.96844513226
0.891396256719 -20.2461331022 -2.06738824301
-2.82076706692 -20.275143996 -2.01021611581
37.1346752835 -5.88828780776 -2.82701468924
-39.2901718722 -6.48555493487 -1.64997297489
26.182052606 -14.7376828979 -2.53290429881
-28.1967479754 -15.1626581672 -1.6954002796
23.6837170412 -15.8267060574 -2.47912023747
-25.6812296023 -16.2124976024 -1.71883606828
7.89001559164 -19.7162467892 -2.18197690144
-9.82702093742 -19.85470704 -1.90911157261
34.196863386 -9.45987526017 -2.73098129663
-36.2953468968 -10.0107782909 -1.6453098805
3.0100018885 -20.1520869659 -2.10112652423
-4.94061765548 -20.2142217803 -1.97867667701
23.3808387169 -15.9470586022 -2.47276693264
-25.3764556953 -16.3281012898 -1.7218413955
10.7427379484 -19.3136085398 -2.23135593302
-12.685853988 -19.4967051153 -1.87052524714
2.21067867144 -20.1942251144 -2.08830224026
-4.14071779948 -20.2438618551 -1.9904825014
7.60308067646 -19.7505528152 -2.17709884369
-9.53957088099 -19.8845241953 -1.913079788
9.55115885478 -19.49557518 -2.21053307477
-11.4915009899 -19.6600254794 -1.88644883595
30.0292252787 -12.6441981186 -2.62168699594
-32.0770720096 -13.129564477 -1.66516951044
18.8971916685 -17.4804624531 -2.38226866357
-20.8687355899 -17.7912367891 -1.76982183594
35.8388216355 -7.70633955089 -2.78118219662
-37.9652716922 -8.28312524863 -1.64450348846
5.14172731516 -19.9998526469 -2.13589817791
-7.07452125636 -20.0953237398 -1.94775211421
27.6062222936 -14.0298207066 -2.56480985445
-29.6321115227 -14.477143488 -1.68326531666
21.3243554765 -16.7052111004 -2.43047390653
-23.3080500124 -17.0540174061 -1.74307700582
17.4782932212 -17.8800537386 -2.35485561595
-19.4435953725 -18.1686016539 -1.78621067043
30.1772866912 -12.5508077929 -2.62528735755
-32.2266152621 -13.0384999588 -1.66418637442
-0.79646413209 -20.2806953545 -2.04108714073
-1.13256331915 -20.2833220002 -2.03591077757
17.5226420728 -17.8681260182 -2.35570439265
-19.4881302892 -18.1573685682 -1.78569052188
16.5695076061 -18.1167651689 -2.33757301709
-18.5311208033 -18.3910797704 -1.79697783927
15.6360265553 -18.34500354 -2.32003410342
-17.5940900292 -18.6046999215 -1.80824723242
5.38453587871 -19.9787973329 -2.13991192645
-7.31763761262 -20.0780659733 -1.94428198909
13.362492788 -18.8409404023 -2.27817527405
-15.3128738888 -19.0650409993 -1.83653745587
11.7787025992 -19.1388567599 -2.24969627462
-13.7244961664 -19.3381665764 -1.85691395429
12.9562985736 -18.920966653 -2.27081946841
-14.9054449556 -19.1387087112 -1.84171250138
16.3521170594 -18.171246187 -2.33346951377
-18.3128822474 -18.4421563074 -1.79958358884
31.1709099205 -11.8933137445 -2.64988923627
-33.2306771838 -12.3966180015 -1.65802131225
1.52181110387 -20.224062186 -2.07734281285
-3.4514573562 -20.2629287311 -2.00074803181
35.5929768691 -7.998782989 -2.77323797179
-37.7147593303 -8.57168961066 -1.64420380683
37.0492566959 -6.02724673607 -2.82371993283
-39.2025314635 -6.6231613914 -1.64934355136
7.46373792221 -19.7668128176 -2.17473565985
-9.39998438555 -19.8986043402 -1.91501247618
10.5988240788 -19.336656654 -2.22882570921
-12.5415878917 -19.5175010769 -1.87243336836
34.4015994518 -9.26332958557 -2.73692452183
-36.5032150042 -9.81745715539 -1.64489846659
0.980835916387 -20.2433057279 -2.06879619089
-2.91024092187 -20.2737148471 -2.00886856364
5.38722372984 -19.9785599638 -2.13995641939
-7.32032893989 -20.077870643 -1.94424363571
13.8208526144 -18.7475757496 -2.28651955976
-15.772676182 -18.978851867 -1.83074085473
32.1723779635 -11.1694530269 -2.67556088482
-34.2436491965 -11.688500316 -1.65266797267
32.6423717946 -10.8051140707 -2.68796117993
-34.7194375693 -11.3315527337 -1.65050199583
36.640328241 -6.64845417442 -2.80857704152
-38.7836738915 -7.2378996067 -1.64694963791
25.4771330493 -15.0633821528 -2.51746512293
-27.4866841685 -15.4772991985 -1.70175368174
17.9231070768 -17.7588030107 -2.36339189136
-19.8903014198 -18.0543182351 -1.78101638367
10.6211867753 -19.3330946903 -2.22921860063
-12.5640050077 -19.5142890715 -1.87213659263
3.53651946751 -20.1198983829 -2.10963736427
-5.46758627463 -20.1902662877 -1.97096246398
34.7373538383 -8.92911999992 -2.74684116418
-36.8442967219 -9.48853710542 -1.64439095555
16.8185657065 -18.0533404819 -2.34228869988
-18.7811666279 -18.3315556259 -1.79400667465
0.370588627441 -20.2606035423 -2.05921828359
-2.29979234433 -20.2814728123 -2.01809095506
27.7690196397 -13.9443153173 -2.56852267266
-29.7962621773 -14.3941932271 -1.68194271184
30.3690691032 -12.4281467904 -2.62997510538
-32.420344294 -12.9188517633 -1.66293674628
20.1851369173 -17.0841937105 -2.40763195746
-22.1628856704 -17.4151473563 -1.75541751463
32.5674873139 -10.8643205668 -2.68596888561
-34.6436112658 -11.3895814113 -1.65083084295
0.777607714036 -20.2495850857 -2.06559907486
-2.70693735105 -20.2768171221 -2.0119325639
13.8974213237 -18.7316597041 -2.28791804044
-15.8494909882 -18.9641345276 -1.82977703045
3.41693637466 -20.1275190142 -2.10769993976
-5.3478957617 -20.196016974 -1.97271016317
14.7363365622 -18.5511946449 -2.3033273726
-16.6912002866 -18.796803702 -1.81930256618
31.2469302361 -11.8406552702 -2.65180518286
-33.3075339776 -12.3451542756 -1.65758275319
28.122858168 -13.7549871683 -2.57664229641
-30.1530980677 -14.2104190633 -1.67911702831
14.9076885111 -18.5129457417 -2.30649466027
-16.8631452364 -18.7612376952 -1.8171826366
34.4385396731 -9.22730094867 -2.73800495233
-36.5407294317 -9.78201038834 -1.64483219897
3.63820229405 -20.1132749204 -2.1112868323
-5.56936274804 -20.1852328781 -1.96947839505
8.7328736833 -19.6090152892 -2.19639841309
-10.6714960066 -19.760662202 -1.89754596633
4.49441001042 -20.0522522819 -2.12525112005
-6.42644336356 -20.1375997437 -1.95705582158
-0.247422728334 -20.2733660089 -2.04958657701
-1.68165354074 -20.2845746531 -2.02749756333
10.6260872185 -19.3323131843 -2.22930471047
-12.5689173914 -19.5135842536 -1.87207157221
31.0313613198 -11.9890645555 -2.64638524806
-33.0896077502 -12.490175757 -1.65883920553
0.194542239379 -20.2647261404 -2.05646762963
-2.12370182587 -20.2828434285 -2.02076366592
20.9218408984 -16.8422866445 -2.42235788202
-22.9033836863 -17.1847847581 -1.74739261357
12.4565077876 -19.0159836382 -2.26181807833
-14.404190358 -19.2259024357 -1.84812850785
17.1254182537 -17.9737027988 -2.34812006515
-19.0892601242 -18.256723802 -1.7903670737
31.0588478512 -11.9702972411 -2.64707409614
-33.1173923504 -12.4718403915 -1.65867680653
14.1675732159 -18.674767103 -2.29286274972
-16.1205230101 -18.911471328 -1.82638680593
5.92736721369 -19.928946197 -2.14892497786
-7.86120171004 -20.0367051164 -1.93656314257
3.4928355733 -20.1227033578 -2.10892931737
-5.42386279995 -20.192388166 -1.97160060387
26.2968797098 -14.6831472556 -2.53544044545
-28.3124368438 -15.1099240282 -1.69438618145
4.62370838701 -20.0422183757 -2.12737162421
-6.55588671261 -20.1295879276 -1.95519136777
17.849597534 -17.7790898018 -2.36197763038
-19.8164751745 -18.0734535836 -1.78187128482
13.8809943567 -18.7350820657 -2.287617901
-15.8330110993 -18.9672997192 -1.82998369925
2.69649865705 -20.1695789305 -2.09608289119
-4.62687275726 -20.2268117438 -1.98329347826
23.0639812003 -16.0704795215 -2.4661559797
-25.0576550542 -16.4465544829 -1.72502040217
11.3001111592 -19.221528606 -2.24119569209
-13.2446365929 -19.4133480406 -1.86317475979
29.2767080994 -13.1021568739 -2.60362720625
-31.3172916447 -13.5757044896 -1.67040106329
37.0037761511 -6.0998155971 -2.82198596887
-39.1558907212 -6.6950103162 -1.64902837464
16.1598045257 -18.2187652225 -2.32984907799
-18.1198304084 -18.4866636853 -1.80189826394
7.51947856619 -19.760339707 -2.17568054545
-9.45582202927 -19.8930032241 -1.91423891151
15.6197554876 -18.3488512389 -2.31973026025
-17.5777591865 -18.6082928335 -1.80844550093
10.8958777563 -19.2887563042 -2.23405303658
-12.8393738495 -19.4742494529 -1.86849939427
15.9356816101 -18.273349097 -2.32564116841
-17.8948586764 -18.5377378444 -1.80460699408
14.4912322825 -18.6050822872 -2.29880863388
-16.4452610106 -18.8468537942 -1.82234653475
36.0805442416 -7.40554873897 -2.78918286189
-38.2117965224 -7.98615013479 -1.6449845103
13.3101889481 -18.8513872469 -2.27722606398
-15.2604087747 -19.074669065 -1.8372018235
29.6431762092 -12.8825320203 -2.61237352992
-31.6872422847 -13.3618348154 -1.66780558361
18.1366309366 -17.6993109921 -2.36750799163
-20.1047542823 -17.9981708935 -1.77854108765
13.7196204652 -18.7684775303 -2.2846726338
-15.6711209305 -18.9981688458 -1.83201711762
19.8465045565 -17.1916029829 -2.40091723475
-21.8225701659 -17.5172505893 -1.75915946916
35.1305477427 -8.516893639 -2.75875258607
-37.2440641809 -9.08250780963 -1.64408974454
17.6269453056 -17.8399333109 -2.35770262011
-19.5928733763 -18.1308095769 -1.78446916503
11.0004121991 -19.2715979686 -2.23589687731
-12.9441708368 -19.4587270615 -1.86711925963
11.3528174077 -19.2125882879 -2.24212949365
-13.2974798609 -19.4052326017 -1.86248296198
30.2125444639 -12.5284022043 -2.62614709389
-32.2622285812 -13.0166482342 -1.66395460408
26.280026605 -14.6911780655 -2.53506783537
-28.2954568302 -15.1176904292 -1.69453464526
36.9002489483 -6.26154805118 -2.81808841142
-39.0497780863 -6.85510441589 -1.64835954244
31.8109854062 -11.4384601038 -2.66618541471
-33.8779800857 -11.9518253399 -1.65449019472
34.6091558371 -9.05854938955 -2.74302871905
-36.7140353747 -9.61594661174 -1.64455911943
10.3266129977 -19.3794423928 -2.22405141075
-12.2687235837 -19.556027002 -1.87605393747
30.9768949353 -12.026120696 -2.64502214677
-33.0345528519 -12.5263759788 -1.65916287396
6.41581297906 -19.8807885261 -2.15708226738
-8.35035985886 -19.996187509 -1.92966406455
20.2032418638 -17.0783848478 -2.40799190742
-22.1810816703 -17.4096221887 -1.75521838296
20.5146010524 -16.977421961 -2.41419737894
-22.4940238579 -17.3135382739 -1.75180880402
2.62092504617 -20.1736091046 -2.09486973331
-4.55124388563 -20.2296602567 -1.98440903461
-0.643190515401 -20.2790285759 -2.04345446436
-1.2858444698 -20.284050975 -2.03355676041
18.4480780095 -17.6110147525 -2.37353352425
-20.4175808379 -17.9147534091 -1.77495199715
27.2695402908 -14.2035516548 -2.55717576863
-29.2926805919 -14.6455905521 -1.68604424645
11.0579866413 -19.2620802726 -2.23691337419
-13.0018909635 -19.450110403 -1.86636007069
21.6584354056 -16.5887305204 -2.43724885187
-23.6439593985 -16.9427728535 -1.73953324721
17.5370434285 -17.8642451059 -2.3559801243
-19.5025921883 -18.153713225 -1.78552172199
1.87276376497 -20.2096089371 -2.0829155375
-3.80259816124 -20.2539624064 -1.99550760696
34.9964542046 -8.66018386352 -2.75465162785
-37.1076853458 -9.22368426796 -1.64415441148
31.3515952256 -11.7675701344 -2.65445143315
-33.4133600281 -12.2737141465 -1.6569871686
6.84656429032 -19.8357065187 -2.16431342223
-8.78178138332 -19.9578434607 -1.92361664011
26.2333303598 -14.7133817038 -2.53403610137
-28.2484097194 -15.1391614546 -1.69494668045
-0.720979601124 -20.279911208 -2.04225248011
-1.20805097063 -20.2837177151 -2.03475094963
33.2420634687 -10.3138646395 -2.7041608017
-35.3269464732 -10.8497376847 -1.64810916383
33.2330294017 -10.3215026822 -2.70391336161
-35.3177908259 -10.8572335731 -1.64814186891
0.454247343041 -20.2585083561 -2.06052736509
-2.38347421756 -20.2806854081 -2.01682277457
11.8006685313 -19.1349816398 -2.25008758157
-13.746521599 -19.3346352527 -1.8566277372
11.6082321134 -19.1686888019 -2.24666292453
-13.5535677962 -19.3653305553 -1.85913858914
31.1245911981 -11.9252253228 -2.64872433622
-33.1838515784 -12.4278016484 -1.65829095559
23.3686337135 -15.9518593581 -2.47251161739
-25.3641750944 -16.3327106884 -1.72196319029
-0.369324070878 -20.2753189447 -2.04769482271
-1.5597361277 -20.2846221231 -2.02936093393
6.67829957661 -19.853609454 -2.16148452425
-8.61325016408 -19.9731143052 -1.92597483608
25.2548205672 -15.1629575114 -2.51264098445
-27.2627997991 -15.5733874881 -1.70380155317
33.9221700782 -9.71565105555 -2.72312077375
-36.0165787263 -10.2622287345 -1.64597338182
3.06013141627 -20.1491742538 -2.10193466322
-4.99078768534 -20.2120929184 -1.9779400728
